arm seed | ticks | windows | Lu late | trend | used ever | founds/10k (organism) | random founds/10k | all builds | compounds made | max live | cap hits | active builders mid->end | struct income late | stock late | wall s | N late mean | N min (whole run) | reseeds | new used per window
FULL 80 | 150000 | 15 | 0.13 | -0.060 | 5 | 10.8 | 0.0 | 11960 | 220 | 20 | 0 | 0.084->0.062 | 0.0% | 0.105 | 1197.3 | 1403 | 609 | 0 | 0,1,2,1,0,0,0,0,1,0,0,0,0,0,0
NOAC 80 | 150000 | 15 | 0.13 | -0.060 | 1 | 1.5 | 0.0 | 84 | 47 | 9 | 0 | 0.025->0.060 | 0.0% | 0.000 | 1149.9 | 1438 | 609 | 0 | 0,0,0,0,0,0,0,0,1,0,0,0,0,0,0
RAND 80 | 150000 | 15 | 0.00 | 0.000 | 3 | 0.0 | 10.8 | 3599 | 168 | 16 | 0 | 0.140->0.010 | 0.3% | 0.008 | 1225.7 | 1402 | 609 | 0 | 1,0,0,0,1,1,0,0,0,0,0,0,0,0,0
RANDN 80 | 150000 | 15 | 0.00 | 0.000 | 27 | 0.0 | 10.8 | 1640 | 182 | 25 | 0 | 0.005->0.042 | 0.0% | 0.000 | 1190.7 | 1340 | 609 | 0 | 0,3,17,6,1,0,0,0,0,0,0,0,0,0,0
SHUF 80 | 150000 | 15 | 1.88 | -0.012 | 28 | 61.7 | 0.0 | 4853 | 533 | 19 | 0 | 0.057->0.042 | 0.3% | 0.034 | 1241.8 | 1479 | 620 | 0 | 1,1,2,4,1,3,1,2,2,2,1,3,2,0,3
FULLNS 80 | 150000 | 15 | 1.38 | -0.512 | 18 | 32.2 | 0.0 | 6811 | 370 | 23 | 0 | 0.089->0.043 | 1.0% | 0.060 | 1181.8 | 1484 | 609 | 0 | 0,1,2,2,1,0,1,4,4,1,0,1,0,0,1
FULL 81 | 150000 | 15 | 1.50 | 0.310 | 16 | 27.1 | 0.0 | 1193 | 230 | 16 | 0 | 0.015->0.031 | 0.0% | 0.009 | 939.1 | 1217 | 607 | 0 | 0,0,1,1,0,0,2,0,2,2,0,0,2,3,3
NOAC 81 | 150000 | 15 | 0.13 | 0.036 | 1 | 1.1 | 0.0 | 234 | 8 | 4 | 0 | 0.156->0.022 | 0.1% | 0.003 | 1103.2 | 1168 | 607 | 0 | 0,0,0,0,0,0,0,0,0,0,0,0,1,0,0
RAND 81 | 150000 | 15 | 2.13 | -0.464 | 30 | 0.0 | 26.9 | 472 | 321 | 21 | 0 | 0.192->0.008 | 0.3% | 0.004 | 1254.1 | 1056 | 607 | 0 | 1,2,2,3,2,3,0,2,3,3,7,1,0,1,0
RANDN 81 | 150000 | 15 | 0.25 | 0.095 | 2 | 0.0 | 27.1 | 477 | 411 | 22 | 0 | 0.012->0.003 | 0.0% | 0.003 | 1248.3 | 1223 | 607 | 0 | 0,0,0,0,0,0,0,0,0,0,0,1,0,0,1
SHUF 81 | 150000 | 15 | 0.00 | 0.000 | 11 | 6.3 | 0.0 | 7110 | 149 | 12 | 0 | 0.019->0.048 | 0.0% | 0.051 | 1368.3 | 1208 | 606 | 0 | 5,4,1,0,0,1,0,0,0,0,0,0,0,0,0
FULLNS 81 | 150000 | 15 | 1.88 | 0.012 | 18 | 21.6 | 0.0 | 8065 | 273 | 20 | 0 | 0.244->0.016 | 0.6% | 0.095 | 962.6 | 1189 | 607 | 0 | 0,0,1,1,0,0,1,2,0,2,2,6,1,0,2
FULL 82 | 150000 | 15 | 2.00 | 0.333 | 27 | 47.8 | 0.0 | 8871 | 377 | 25 | 0 | 0.130->0.041 | 0.1% | 0.075 | 1233.9 | 1180 | 598 | 0 | 3,1,1,2,2,1,1,1,1,1,1,4,2,4,2
NOAC 82 | 150000 | 15 | 0.00 | 0.000 | 0 | 0.5 | 0.0 | 10 | 8 | 2 | 0 | 0.119->0.096 | 0.0% | 0.000 | 994.9 | 1107 | 598 | 0 | 0,0,0,0,0,0,0,0,0,0,0,0,0,0,0
RAND 82 | 150000 | 15 | 1.13 | 0.036 | 19 | 0.0 | 47.8 | 6408 | 562 | 48 | 0 | 0.356->0.035 | 20.2% | 0.061 | 1187.4 | 931 | 598 | 0 | 2,1,1,2,2,1,1,1,0,3,0,1,2,1,1
RANDN 82 | 150000 | 15 | 0.50 | -0.048 | 21 | 0.0 | 47.7 | 4881 | 752 | 203 | 0 | 0.015->0.043 | 0.0% | 0.025 | 1135.5 | 1124 | 598 | 0 | 0,3,3,2,4,4,1,1,0,0,0,3,0,0,0
SHUF 82 | 150000 | 15 | 0.13 | -0.012 | 7 | 10.0 | 0.0 | 5672 | 283 | 15 | 0 | 0.018->0.068 | 0.0% | 0.047 | 1185.1 | 1212 | 598 | 0 | 2,2,1,1,0,0,0,0,0,0,1,0,0,0,0
FULLNS 82 | 150000 | 15 | 0.38 | 0.012 | 12 | 31.9 | 0.0 | 2248 | 135 | 16 | 0 | 0.009->0.004 | 0.0% | 0.004 | 1161.8 | 1230 | 598 | 0 | 3,1,2,2,0,1,0,0,0,1,0,1,1,0,0

FEASIBILITY (no verdict weight): FULL vs each other arm on Lu, per seed
seed 80: FULL Lu 0.13 trend -0.060 | NOAC 0.13 (FULL not ahead) | RAND 0.00 (FULL ahead) | RANDN 0.00 (FULL ahead) | SHUF 1.88 (FULL not ahead) | FULLNS 1.38 (FULL not ahead)
seed 81: FULL Lu 1.50 trend 0.310 | NOAC 0.13 (FULL ahead) | RAND 2.13 (FULL not ahead) | RANDN 0.25 (FULL ahead) | SHUF 0.00 (FULL ahead) | FULLNS 1.88 (FULL not ahead)
seed 82: FULL Lu 2.00 trend 0.333 | NOAC 0.00 (FULL ahead) | RAND 1.13 (FULL ahead) | RANDN 0.50 (FULL ahead) | SHUF 0.13 (FULL ahead) | FULLNS 0.38 (FULL ahead)
