arm seed | ticks | windows | Lu late | trend | used ever | founds/10k (organism) | random founds/10k | all builds | compounds made | max live | cap hits | active builders mid->end | struct income late | stock late | wall s | N late mean | N min (whole run) | reseeds | new used per window
FULL 80 | 150000 | 15 | 0.25 | -0.024 | 7 | 10.3 | 0.0 | 4445 | 164 | 16 | 0 | 0.051->0.016 | 0.0% | 0.036 | 930.4 | 1191 | 609 | 0 | 0,1,2,1,1,0,0,0,0,1,0,1,0,0,0
NOAC 80 | 150000 | 15 | 0.00 | 0.000 | 0 | 1.3 | 0.0 | 20 | 19 | 2 | 0 | 0.077->0.061 | 0.0% | 0.000 | 1049.8 | 1277 | 609 | 0 | 0,0,0,0,0,0,0,0,0,0,0,0,0,0,0
RAND 80 | 150000 | 15 | 0.00 | 0.000 | 2 | 0.0 | 10.3 | 592 | 122 | 25 | 0 | 0.033->0.002 | 0.0% | 0.000 | 1440.6 | 1374 | 609 | 0 | 1,0,0,1,0,0,0,0,0,0,0,0,0,0,0
RANDN 80 | 150000 | 15 | 0.00 | 0.000 | 10 | 0.0 | 10.3 | 404 | 155 | 39 | 0 | 0.045->0.013 | 0.0% | 0.000 | 1329.1 | 1270 | 609 | 0 | 0,3,4,2,1,0,0,0,0,0,0,0,0,0,0
SHUF 80 | 150000 | 15 | 0.88 | -0.417 | 18 | 27.4 | 0.0 | 9676 | 301 | 25 | 0 | 0.140->0.098 | 1.6% | 0.164 | 1310 | 1054 | 620 | 0 | 1,1,3,2,1,1,2,4,1,1,0,1,0,0,0
FULLNS 80 | 150000 | 15 | 1.38 | -0.512 | 18 | 32.2 | 0.0 | 6811 | 370 | 23 | 0 | 0.089->0.043 | 1.0% | 0.060 | 1181.8 | 1484 | 609 | 0 | 0,1,2,2,1,0,1,4,4,1,0,1,0,0,1
FULL 81 | 150000 | 15 | 1.25 | -0.071 | 10 | 21.8 | 0.0 | 3626 | 174 | 15 | 0 | 0.007->0.188 | 4.2% | 0.084 | 827 | 941 | 607 | 0 | 0,0,0,0,0,0,0,0,1,2,3,2,2,0,0
NOAC 81 | 150000 | 15 | 0.13 | 0.012 | 2 | 0.3 | 0.0 | 1525 | 17 | 8 | 0 | 0.128->0.040 | 0.0% | 0.033 | 776.9 | 934 | 591 | 0 | 0,0,0,0,0,0,1,0,0,0,0,1,0,0,0
RAND 81 | 150000 | 15 | 1.50 | 0.190 | 22 | 0.0 | 21.8 | 1823 | 310 | 24 | 0 | 0.017->0.010 | 0.1% | 0.018 | 1323 | 1102 | 607 | 0 | 1,2,2,2,1,1,1,2,1,0,1,1,2,3,2
RANDN 81 | 150000 | 15 | 3.13 | 0.226 | 26 | 0.0 | 21.8 | 1964 | 333 | 29 | 0 | 0.087->0.130 | 0.0% | 0.030 | 1218.6 | 852 | 607 | 0 | 0,0,0,0,1,0,0,2,1,3,2,7,4,6,0
SHUF 81 | 150000 | 15 | 0.38 | 0.179 | 16 | 6.2 | 0.0 | 4582 | 90 | 9 | 0 | 0.020->0.058 | 0.0% | 0.068 | 1218.7 | 861 | 606 | 0 | 5,4,3,0,0,0,1,0,0,0,0,0,1,1,1
FULLNS 81 | 150000 | 15 | 1.88 | 0.012 | 18 | 21.6 | 0.0 | 8065 | 273 | 20 | 0 | 0.244->0.016 | 0.6% | 0.095 | 962.6 | 1189 | 607 | 0 | 0,0,1,1,0,0,1,2,0,2,2,6,1,0,2
FULL 82 | 150000 | 15 | 0.38 | -0.060 | 15 | 32.2 | 0.0 | 2647 | 154 | 18 | 0 | 0.056->0.007 | 0.0% | 0.028 | 1101.6 | 985 | 598 | 0 | 3,1,1,1,3,3,0,1,0,0,0,2,0,0,0
NOAC 82 | 150000 | 15 | 0.38 | -0.107 | 4 | 1.1 | 0.0 | 362 | 48 | 12 | 0 | 0.035->0.062 | 0.1% | 0.008 | 999 | 1040 | 598 | 0 | 0,0,0,0,0,1,0,1,0,0,2,0,0,0,0
RAND 82 | 150000 | 15 | 1.13 | -0.179 | 24 | 0.0 | 32.2 | 639 | 296 | 48 | 0 | 0.013->0.006 | 0.0% | 0.001 | 1286.1 | 985 | 598 | 0 | 2,1,0,0,7,4,1,2,1,2,0,3,0,0,1
RANDN 82 | 150000 | 15 | 0.13 | -0.083 | 9 | 0.0 | 32.1 | 693 | 487 | 203 | 0 | 0.053->0.017 | 0.0% | 0.001 | 1134.9 | 929 | 598 | 0 | 0,3,0,0,2,1,2,1,0,0,0,0,0,0,0
SHUF 82 | 150000 | 15 | 0.50 | 0.119 | 17 | 30.3 | 0.0 | 7362 | 306 | 22 | 0 | 0.099->0.008 | 0.0% | 0.092 | 1265.4 | 1010 | 598 | 0 | 2,2,0,1,3,4,1,1,0,0,0,0,0,2,1
FULLNS 82 | 150000 | 15 | 0.38 | 0.012 | 12 | 31.9 | 0.0 | 2248 | 135 | 16 | 0 | 0.009->0.004 | 0.0% | 0.004 | 1161.8 | 1230 | 598 | 0 | 3,1,2,2,0,1,0,0,0,1,0,1,1,0,0

FEASIBILITY (no verdict weight): FULL vs each other arm on Lu, per seed
seed 80: FULL Lu 0.25 trend -0.024 | NOAC 0.00 (FULL ahead) | RAND 0.00 (FULL ahead) | RANDN 0.00 (FULL ahead) | SHUF 0.88 (FULL not ahead) | FULLNS 1.38 (FULL not ahead)
seed 81: FULL Lu 1.25 trend -0.071 | NOAC 0.13 (FULL ahead) | RAND 1.50 (FULL not ahead) | RANDN 3.13 (FULL not ahead) | SHUF 0.38 (FULL ahead) | FULLNS 1.88 (FULL not ahead)
seed 82: FULL Lu 0.38 trend -0.060 | NOAC 0.38 (FULL not ahead) | RAND 1.13 (FULL not ahead) | RANDN 0.13 (FULL ahead) | SHUF 0.50 (FULL not ahead) | FULLNS 0.38 (FULL not ahead)
