arm seed | ticks | windows | Lu late | trend | used ever | founds/10k (organism) | random founds/10k | all builds | compounds made | max live | cap hits | active builders mid->end | struct income late | stock late | wall s | N late mean | N min (whole run) | reseeds | new used per window
FULL 80 | 150000 | 15 | 0.00 | 0.000 | 4 | 9.1 | 0.0 | 13650 | 142 | 17 | 0 | 0.156->0.038 | 0.0% | 0.117 | 982 | 1300 | 609 | 0 | 0,1,3,0,0,0,0,0,0,0,0,0,0,0,0
NOAC 80 | 150000 | 15 | 0.00 | 0.000 | 0 | 0.9 | 0.0 | 28 | 19 | 9 | 0 | 0.014->0.015 | 0.0% | 0.000 | 1101.6 | 1401 | 609 | 0 | 0,0,0,0,0,0,0,0,0,0,0,0,0,0,0
RAND 80 | 150000 | 15 | 0.00 | 0.000 | 4 | 0.0 | 9.1 | 7013 | 136 | 14 | 0 | 0.026->0.316 | 0.0% | 0.022 | 1375.7 | 1291 | 609 | 0 | 1,0,1,1,0,0,1,0,0,0,0,0,0,0,0
RANDN 80 | 150000 | 15 | 0.00 | 0.000 | 18 | 0.0 | 9.1 | 7834 | 151 | 19 | 0 | 0.090->0.056 | 3.7% | 0.035 | 1293.4 | 1259 | 609 | 0 | 0,3,9,2,2,1,1,0,0,0,0,0,0,0,0
SHUF 80 | 150000 | 15 | 0.88 | -0.321 | 17 | 34.0 | 0.0 | 5143 | 354 | 18 | 0 | 0.062->0.025 | 0.0% | 0.050 | 1329.8 | 1240 | 620 | 0 | 1,1,1,0,4,1,2,1,3,2,0,1,0,0,0
FULLNS 80 | 150000 | 15 | 1.38 | -0.512 | 18 | 32.2 | 0.0 | 6811 | 370 | 23 | 0 | 0.089->0.043 | 1.0% | 0.060 | 1181.8 | 1484 | 609 | 0 | 0,1,2,2,1,0,1,4,4,1,0,1,0,0,1
FULL 81 | 150000 | 15 | 0.13 | -0.036 | 11 | 9.9 | 0.0 | 4244 | 117 | 12 | 0 | 0.118->0.028 | 0.1% | 0.061 | 925.2 | 1172 | 607 | 0 | 0,0,1,4,1,2,2,0,0,1,0,0,0,0,0
NOAC 81 | 150000 | 15 | 0.13 | 0.083 | 1 | 1.1 | 0.0 | 61 | 33 | 11 | 0 | 0.040->0.043 | 0.0% | 0.000 | 1022.6 | 1182 | 607 | 0 | 0,0,0,0,0,0,0,0,0,0,0,0,0,0,1
RAND 81 | 150000 | 15 | 0.75 | -0.381 | 26 | 0.0 | 9.9 | 1150 | 119 | 20 | 0 | 0.003->0.043 | 0.2% | 0.007 | 1161.6 | 825 | 607 | 0 | 1,2,1,5,1,7,3,2,3,1,0,0,0,0,0
RANDN 81 | 150000 | 15 | 0.75 | -0.333 | 18 | 0.0 | 9.9 | 1037 | 151 | 17 | 0 | 0.014->0.007 | 0.0% | 0.008 | 807 | 423 | 254 | 0 | 0,0,1,4,2,3,2,1,3,2,0,0,0,0,0
SHUF 81 | 150000 | 15 | 0.75 | 0.119 | 17 | 6.5 | 0.0 | 14279 | 185 | 20 | 0 | 0.177->0.058 | 0.9% | 0.139 | 1328.9 | 1118 | 606 | 0 | 5,4,2,0,0,0,0,0,0,1,1,2,0,1,1
FULLNS 81 | 150000 | 15 | 1.88 | 0.012 | 18 | 21.6 | 0.0 | 8065 | 273 | 20 | 0 | 0.244->0.016 | 0.6% | 0.095 | 962.6 | 1189 | 607 | 0 | 0,0,1,1,0,0,1,2,0,2,2,6,1,0,2
FULL 82 | 150000 | 15 | 1.13 | -0.202 | 18 | 48.0 | 0.0 | 9171 | 376 | 18 | 0 | 0.201->0.053 | 0.0% | 0.164 | 1173.4 | 1098 | 598 | 0 | 3,1,0,0,1,0,4,5,0,0,0,1,0,2,1
NOAC 82 | 150000 | 15 | 0.25 | 0.119 | 2 | 0.9 | 0.0 | 448 | 48 | 29 | 0 | 0.037->0.356 | 0.0% | 0.012 | 1123.3 | 879 | 598 | 0 | 0,0,0,0,0,0,0,0,0,0,0,0,0,2,0
RAND 82 | 150000 | 15 | 1.50 | 0.000 | 23 | 0.0 | 48.0 | 5417 | 549 | 48 | 0 | 0.068->0.325 | 1.9% | 0.070 | 1207 | 981 | 598 | 0 | 2,1,0,2,1,1,4,3,0,3,0,0,1,4,1
RANDN 82 | 150000 | 15 | 1.00 | 0.095 | 17 | 0.0 | 47.9 | 6224 | 773 | 203 | 0 | 0.024->0.049 | 0.0% | 0.067 | 1178.3 | 1038 | 598 | 0 | 0,3,0,2,1,0,3,2,1,0,0,0,1,2,2
SHUF 82 | 150000 | 15 | 0.88 | 0.083 | 14 | 42.5 | 0.0 | 6541 | 376 | 21 | 0 | 0.014->0.182 | 0.0% | 0.094 | 1220.6 | 973 | 598 | 0 | 2,2,0,0,0,2,1,0,0,2,2,0,1,1,1
FULLNS 82 | 150000 | 15 | 0.38 | 0.012 | 12 | 31.9 | 0.0 | 2248 | 135 | 16 | 0 | 0.009->0.004 | 0.0% | 0.004 | 1161.8 | 1230 | 598 | 0 | 3,1,2,2,0,1,0,0,0,1,0,1,1,0,0

FEASIBILITY (no verdict weight): FULL vs each other arm on Lu, per seed
seed 80: FULL Lu 0.00 trend 0.000 | NOAC 0.00 (FULL not ahead) | RAND 0.00 (FULL not ahead) | RANDN 0.00 (FULL not ahead) | SHUF 0.88 (FULL not ahead) | FULLNS 1.38 (FULL not ahead)
seed 81: FULL Lu 0.13 trend -0.036 | NOAC 0.13 (FULL not ahead) | RAND 0.75 (FULL not ahead) | RANDN 0.75 (FULL not ahead) | SHUF 0.75 (FULL not ahead) | FULLNS 1.88 (FULL not ahead)
seed 82: FULL Lu 1.13 trend -0.202 | NOAC 0.25 (FULL ahead) | RAND 1.50 (FULL not ahead) | RANDN 1.00 (FULL ahead) | SHUF 0.88 (FULL ahead) | FULLNS 0.38 (FULL ahead)
