arm seed | ticks | windows | Lu late | trend | used ever | founds/10k (organism) | random founds/10k | all builds | compounds made | max live | cap hits | active builders mid->end | struct income late | stock late | wall s | N late mean | N min (whole run) | reseeds | new used per window
FULL 83 | 450000 | 30 | 0.00 | 0.000 | 4 | 2.0 | 0.0 | 14923 | 115 | 10 | 0 | 0.005->0.028 | 0.0% | 0.035 | 1414.1 | 1354 | 177 | 0 | 0,0,2,0,0,1,0,0,0,0,0,1,0,0,0,0,0,0,0,0,0,0,0,0,0,0,0,0,0,0
NOAC 83 | 450000 | 30 | 0.27 | -0.021 | 4 | 1.5 | 0.0 | 3231 | 69 | 6 | 0 | 0.117->0.030 | 0.5% | 0.021 | 1351.5 | 1342 | 177 | 0 | 0,0,0,0,0,0,0,0,0,0,0,0,0,0,0,0,1,0,0,0,0,1,1,1,0,0,0,0,0,0
RAND 83 | 450000 | 30 | 0.00 | 0.000 | 2 | 0.0 | 2.0 | 2310 | 94 | 23 | 0 | 0.137->0.141 | 0.0% | 0.000 | 1468 | 1338 | 177 | 0 | 0,0,1,1,0,0,0,0,0,0,0,0,0,0,0,0,0,0,0,0,0,0,0,0,0,0,0,0,0,0
RANDN 83 | 450000 | 30 | 0.00 | 0.000 | 2 | 0.0 | 2.0 | 1927 | 98 | 23 | 0 | 0.046->0.194 | 0.0% | 0.000 | 1664.8 | 1245 | 177 | 0 | 1,0,1,0,0,0,0,0,0,0,0,0,0,0,0,0,0,0,0,0,0,0,0,0,0,0,0,0,0,0
SHUF 83 | 450000 | 30 | 0.27 | -0.004 | 13 | 16.1 | 0.0 | 32646 | 750 | 30 | 0 | 0.006->0.053 | 0.1% | 0.065 | 1502.6 | 1363 | 177 | 0 | 1,0,3,1,1,0,1,1,0,0,0,0,1,0,0,0,0,1,1,0,0,0,0,0,0,0,2,0,0,0
FULLNS 83 | 450000 | 30 | 0.53 | -0.000 | 19 | 15.1 | 0.0 | 47106 | 742 | 16 | 0 | 0.220->0.226 | 5.9% | 0.151 | 1444.6 | 1413 | 177 | 0 | 0,0,0,2,5,1,1,0,0,0,2,0,0,0,0,0,0,0,1,2,0,0,2,1,0,1,0,0,1,0
FULL 84 | 450000 | 30 | 1.00 | -0.018 | 26 | 31.6 | 0.0 | 15377 | 918 | 32 | 0 | 0.004->0.061 | 0.1% | 0.048 | 1557.2 | 1583 | 147 | 0 | 0,1,1,1,1,1,1,2,2,0,0,1,0,0,0,0,0,1,1,0,7,1,1,1,0,0,0,1,1,1
NOAC 84 | 450000 | 30 | 0.07 | 0.021 | 2 | 1.0 | 0.0 | 1264 | 76 | 7 | 0 | 0.032->0.041 | 0.0% | 0.001 | 1479.3 | 1581 | 145 | 0 | 0,0,0,0,0,0,0,0,0,1,0,0,0,0,0,0,0,0,0,0,0,0,0,0,0,0,0,0,1,0
RAND 84 | 450000 | 30 | 0.87 | 0.004 | 26 | 0.0 | 31.6 | 5525 | 1394 | 30 | 0 | 0.038->0.039 | 0.1% | 0.013 | 1548.6 | 1541 | 145 | 0 | 1,0,0,0,0,5,0,0,0,0,1,1,1,0,4,2,1,1,0,0,0,0,0,1,4,1,2,0,1,0
RANDN 84 | 450000 | 30 | 2.87 | 0.346 | 68 | 0.0 | 31.6 | 6233 | 1511 | 38 | 0 | 0.109->0.073 | 1.5% | 0.029 | 1435.3 | 1392 | 145 | 0 | 0,0,1,2,2,4,1,0,4,1,0,1,2,1,6,0,1,1,1,2,4,5,3,4,0,2,2,3,7,8
SHUF 84 | 450000 | 30 | 0.20 | 0.004 | 8 | 1.2 | 0.0 | 22454 | 208 | 11 | 0 | 0.033->0.067 | 0.1% | 0.081 | 1396.7 | 1449 | 146 | 0 | 1,0,0,1,0,0,0,0,0,1,0,0,1,1,0,0,0,0,0,1,0,0,1,0,0,0,1,0,0,0
FULLNS 84 | 450000 | 30 | 1.07 | 0.046 | 31 | 22.1 | 0.0 | 12548 | 658 | 16 | 0 | 0.022->0.051 | 0.1% | 0.039 | 1508.9 | 1548 | 147 | 0 | 0,0,4,0,1,0,1,2,0,0,0,2,0,3,2,1,0,0,1,1,2,1,0,4,1,0,2,1,1,1
FULL 85 | 450000 | 30 | 0.20 | -0.025 | 16 | 19.4 | 0.0 | 22210 | 662 | 20 | 0 | 0.027->0.063 | 0.0% | 0.059 | 1523.1 | 1434 | 188 | 0 | 0,1,2,3,1,1,0,0,1,0,1,0,2,0,1,0,0,1,0,0,1,0,1,0,0,0,0,0,0,0
NOAC 85 | 450000 | 30 | 0.40 | -0.011 | 9 | 0.2 | 0.0 | 72833 | 382 | 30 | 0 | 0.180->0.406 | 28.3% | 0.335 | 1507.9 | 1465 | 188 | 0 | 0,0,0,1,0,0,0,0,0,0,1,0,0,0,1,0,0,1,1,0,0,1,0,1,1,0,1,0,0,0
RAND 85 | 450000 | 30 | 1.13 | -0.189 | 42 | 0.0 | 19.4 | 4359 | 746 | 43 | 0 | 0.275->0.097 | 0.2% | 0.005 | 1509.5 | 1284 | 188 | 0 | 0,0,0,1,0,1,1,1,5,2,6,3,2,2,1,0,3,2,3,3,2,1,2,1,0,0,0,0,0,0
RANDN 85 | 450000 | 30 | 0.67 | -0.111 | 37 | 0.0 | 19.4 | 5609 | 896 | 70 | 0 | 0.034->0.009 | 0.0% | 0.006 | 1481.4 | 1397 | 188 | 0 | 2,8,4,3,1,2,1,0,0,0,2,1,3,0,0,0,3,0,0,1,5,0,1,0,0,0,0,0,0,0
SHUF 85 | 450000 | 30 | 0.67 | -0.004 | 31 | 10.4 | 0.0 | 32729 | 676 | 22 | 0 | 0.036->0.226 | 0.4% | 0.165 | 1449.9 | 1313 | 188 | 0 | 2,0,4,1,1,5,3,3,2,0,0,0,0,0,0,1,0,1,0,0,1,2,1,1,0,1,1,0,0,1
FULLNS 85 | 450000 | 30 | 0.07 | 0.004 | 17 | 19.3 | 0.0 | 18100 | 601 | 23 | 0 | 0.016->0.083 | 0.0% | 0.064 | 1391.7 | 1252 | 188 | 0 | 0,1,2,0,3,1,3,1,0,0,2,2,0,1,0,0,0,0,0,0,0,0,0,1,0,0,0,0,0,0

FEASIBILITY (no verdict weight): FULL vs each other arm on Lu, per seed
seed 83: FULL Lu 0.00 trend 0.000 | NOAC 0.27 (FULL not ahead) | RAND 0.00 (FULL not ahead) | RANDN 0.00 (FULL not ahead) | SHUF 0.27 (FULL not ahead) | FULLNS 0.53 (FULL not ahead)
seed 84: FULL Lu 1.00 trend -0.018 | NOAC 0.07 (FULL ahead) | RAND 0.87 (FULL ahead) | RANDN 2.87 (FULL not ahead) | SHUF 0.20 (FULL ahead) | FULLNS 1.07 (FULL not ahead)
seed 85: FULL Lu 0.20 trend -0.025 | NOAC 0.40 (FULL not ahead) | RAND 1.13 (FULL not ahead) | RANDN 0.67 (FULL not ahead) | SHUF 0.67 (FULL not ahead) | FULLNS 0.07 (FULL ahead)
