arm seed | ticks | windows | Lu late (new used body catalysts/window) | trend | used ever | body share of ALL late income (incl. direct light) | body share of chemical income | mean body size late | catalyst kinds late | N late | N min | reseeds | wall s | new used per window
FULL 70 | 150000 | 15 | 84.00 | 0.333 | 970 | 14.6% | 35.2% | 12.66 | 361 | 879 | 81 | 0 | 582.1 | 9,27,40,55,45,52,70,84,69,79,109,83,81,94,73
NOINH 70 | 150000 | 15 | 0.00 | 0.000 | 0 | 0.2% | 0.4% | 0.02 | 20 | 1182 | 81 | 0 | 509.4 | 0,0,0,0,0,0,0,0,0,0,0,0,0,0,0
RANDCAP 70 | 150000 | 15 | 49.50 | 1.429 | 659 | 22.1% | 46.6% | 7.20 | 280 | 1087 | 81 | 0 | 590 | 8,47,34,40,52,41,41,63,42,27,52,46,51,50,65
SHUF 70 | 150000 | 15 | 27.75 | -4.762 | 394 | 23.9% | 55.7% | 5.39 | 227 | 1087 | 81 | 0 | 596.9 | 8,19,28,30,32,23,32,38,58,16,29,30,30,17,4
FIXED 70 | 150000 | 15 | 37.75 | -3.333 | 573 | 30.1% | 63.8% | 15.11 | 268 | 894 | 81 | 0 | 506.7 | 16,41,32,41,54,34,53,50,40,37,48,49,28,27,23
BASE 70 | 150000 | 15 | 0.00 | 0.000 | 0 | 0.0% | 0.0% | 0.00 | 0 | 1157 | 81 | 0 | 418.8 | 0,0,0,0,0,0,0,0,0,0,0,0,0,0,0
FULL 71 | 150000 | 15 | 87.75 | 2.619 | 1048 | 17.7% | 41.1% | 13.36 | 391 | 967 | 286 | 0 | 617.7 | 16,29,41,40,57,82,81,72,81,80,101,94,94,83,97
NOINH 71 | 150000 | 15 | 0.00 | 0.000 | 0 | 0.4% | 0.9% | 0.02 | 28 | 1480 | 286 | 0 | 555.5 | 0,0,0,0,0,0,0,0,0,0,0,0,0,0,0
RANDCAP 71 | 150000 | 15 | 49.50 | 1.024 | 742 | 36.4% | 79.1% | 10.24 | 361 | 1186 | 288 | 0 | 617 | 23,50,62,55,62,42,52,44,48,43,58,49,52,49,53
SHUF 71 | 150000 | 15 | 24.88 | -1.155 | 359 | 27.7% | 64.0% | 5.69 | 250 | 1256 | 286 | 0 | 602.7 | 12,33,25,23,27,21,19,27,35,20,20,31,24,25,17
FIXED 71 | 150000 | 15 | 32.75 | -3.071 | 411 | 26.8% | 58.9% | 12.06 | 248 | 1124 | 286 | 0 | 531.7 | 10,17,13,19,23,30,37,39,50,39,34,27,21,19,33
BASE 71 | 150000 | 15 | 0.00 | 0.000 | 0 | 0.0% | 0.0% | 0.00 | 0 | 1579 | 286 | 0 | 500.7 | 0,0,0,0,0,0,0,0,0,0,0,0,0,0,0
FULL 72 | 150000 | 15 | 56.88 | 0.179 | 685 | 26.3% | 69.5% | 9.25 | 278 | 947 | 351 | 0 | 452.4 | 1,34,46,39,22,47,41,41,60,53,81,72,45,43,60
NOINH 72 | 150000 | 15 | 0.00 | 0.000 | 1 | 0.4% | 0.8% | 0.02 | 25 | 1263 | 351 | 0 | 427.3 | 1,0,0,0,0,0,0,0,0,0,0,0,0,0,0
RANDCAP 72 | 150000 | 15 | 53.50 | -0.452 | 658 | 15.9% | 34.4% | 6.80 | 292 | 1165 | 352 | 0 | 468.6 | 6,17,26,34,30,51,66,64,66,45,45,36,52,56,64
SHUF 72 | 150000 | 15 | 32.13 | 2.179 | 493 | 27.4% | 81.5% | 5.21 | 216 | 950 | 351 | 0 | 434.1 | 0,27,40,47,45,43,34,25,33,25,32,33,25,33,51
FIXED 72 | 150000 | 15 | 35.88 | -0.512 | 494 | 38.7% | 93.8% | 12.36 | 239 | 931 | 351 | 0 | 361 | 0,35,44,31,32,29,36,28,36,50,38,32,41,34,28
BASE 72 | 150000 | 15 | 0.00 | 0.000 | 0 | 0.0% | 0.0% | 0.00 | 0 | 1289 | 351 | 0 | 395.7 | 0,0,0,0,0,0,0,0,0,0,0,0,0,0,0
