arm seed | ticks | windows | Lu late (new used body catalysts/window) | trend | used ever | body share of ALL late income (incl. direct light) | body share of chemical income | mean body size late | catalyst kinds late | N late | N min | reseeds | wall s | new used per window
FULL 70 | 150000 | 15 | 44.50 | 2.929 | 584 | 30.6% | 70.4% | 7.67 | 233 | 1008 | 81 | 0 | 614.6 | 15,24,46,29,36,38,40,43,28,44,39,41,52,51,58
NOINH 70 | 150000 | 15 | 0.00 | 0.000 | 3 | 1.5% | 4.2% | 0.02 | 21 | 1103 | 81 | 0 | 507.6 | 1,1,0,1,0,0,0,0,0,0,0,0,0,0,0
RANDCAP 70 | 150000 | 15 | 45.75 | -2.976 | 635 | 37.9% | 86.8% | 7.62 | 239 | 1056 | 81 | 0 | 584.4 | 5,23,40,48,58,54,41,73,45,52,40,33,32,42,49
SHUF 70 | 150000 | 15 | 16.25 | -2.071 | 270 | 33.7% | 75.7% | 4.35 | 175 | 1078 | 81 | 0 | 607.2 | 14,27,25,24,17,17,16,25,14,26,15,15,19,10,6
FIXED 70 | 150000 | 15 | 17.00 | -1.690 | 273 | 43.7% | 91.8% | 7.74 | 119 | 970 | 81 | 0 | 507.6 | 17,17,23,15,24,20,21,20,23,20,24,11,18,4,16
BASE 70 | 150000 | 15 | 0.00 | 0.000 | 0 | 0.0% | 0.0% | 0.00 | 0 | 1157 | 81 | 0 | 418.8 | 0,0,0,0,0,0,0,0,0,0,0,0,0,0,0
FULL 71 | 150000 | 15 | 31.50 | 0.357 | 488 | 35.9% | 78.7% | 7.49 | 247 | 1286 | 286 | 0 | 622.3 | 22,28,39,48,33,34,32,34,32,22,32,26,50,21,35
NOINH 71 | 150000 | 15 | 0.00 | 0.000 | 4 | 1.3% | 3.5% | 0.02 | 27 | 1379 | 286 | 0 | 541.5 | 1,1,2,0,0,0,0,0,0,0,0,0,0,0,0
RANDCAP 71 | 150000 | 15 | 40.25 | -1.071 | 608 | 33.9% | 72.2% | 7.55 | 278 | 1284 | 288 | 0 | 635.7 | 18,37,38,56,49,47,41,42,42,40,40,46,47,34,31
SHUF 71 | 150000 | 15 | 12.13 | -0.869 | 248 | 26.0% | 55.1% | 3.54 | 187 | 1394 | 286 | 0 | 607.2 | 19,34,31,18,15,13,21,15,12,14,15,17,5,8,11
FIXED 71 | 150000 | 15 | 19.13 | 0.702 | 271 | 34.8% | 75.5% | 7.46 | 147 | 1213 | 286 | 0 | 514.2 | 9,13,13,22,21,20,20,17,9,19,22,27,24,21,14
BASE 71 | 150000 | 15 | 0.00 | 0.000 | 0 | 0.0% | 0.0% | 0.00 | 0 | 1579 | 286 | 0 | 500.7 | 0,0,0,0,0,0,0,0,0,0,0,0,0,0,0
FULL 72 | 150000 | 15 | 47.63 | 1.512 | 572 | 36.1% | 92.7% | 7.53 | 235 | 1006 | 351 | 0 | 535.7 | 1,18,32,27,40,36,37,38,49,38,49,60,49,46,52
NOINH 72 | 150000 | 15 | 0.00 | 0.000 | 24 | 1.6% | 4.5% | 0.02 | 23 | 1183 | 351 | 0 | 466.7 | 1,18,4,1,0,0,0,0,0,0,0,0,0,0,0
RANDCAP 72 | 150000 | 15 | 48.38 | 0.464 | 630 | 22.1% | 49.2% | 6.94 | 249 | 1116 | 352 | 0 | 530.8 | 6,18,27,47,45,52,48,45,49,46,47,43,60,59,38
SHUF 72 | 150000 | 15 | 35.75 | -3.952 | 526 | 34.7% | 78.7% | 6.68 | 272 | 1096 | 351 | 0 | 544 | 1,28,45,38,37,53,38,49,51,35,44,26,35,19,27
FIXED 72 | 150000 | 15 | 16.88 | -0.107 | 262 | 44.9% | 96.2% | 7.62 | 143 | 1114 | 351 | 0 | 451.2 | 1,17,23,19,19,23,25,20,21,13,11,17,18,15,20
BASE 72 | 150000 | 15 | 0.00 | 0.000 | 0 | 0.0% | 0.0% | 0.00 | 0 | 1289 | 351 | 0 | 395.7 | 0,0,0,0,0,0,0,0,0,0,0,0,0,0,0
