arm seed | ticks | windows | Lu late (new used body catalysts/window) | trend | used ever | body share of ALL late income (incl. direct light) | body share of chemical income | mean body size late | catalyst kinds late | N late | N min | reseeds | wall s | new used per window
FULL 70 | 150000 | 15 | 14.25 | -2.690 | 223 | 17.5% | 37.2% | 2.69 | 102 | 1052 | 81 | 0 | 542.3 | 8,11,19,22,19,13,17,27,20,21,8,14,7,10,7
NOINH 70 | 150000 | 15 | 0.00 | 0.000 | 2 | 0.4% | 0.8% | 0.02 | 20 | 1265 | 81 | 0 | 564.4 | 0,2,0,0,0,0,0,0,0,0,0,0,0,0,0
RANDCAP 70 | 150000 | 15 | 17.63 | -1.417 | 214 | 30.9% | 67.3% | 3.71 | 112 | 895 | 80 | 0 | 528.5 | 12,15,9,17,7,9,4,18,22,20,24,19,16,10,12
SHUF 70 | 150000 | 15 | 3.25 | -0.619 | 86 | 31.0% | 65.7% | 2.33 | 75 | 954 | 81 | 0 | 554.2 | 10,14,8,7,5,7,9,6,4,4,3,5,1,2,1
FIXED 70 | 150000 | 15 | 12.25 | -1.238 | 167 | 41.6% | 89.0% | 5.62 | 78 | 776 | 81 | 0 | 394.3 | 9,17,12,2,7,8,14,10,20,17,14,12,9,10,6
BASE 70 | 150000 | 15 | 0.00 | 0.000 | 0 | 0.0% | 0.0% | 0.00 | 0 | 1157 | 81 | 0 | 418.8 | 0,0,0,0,0,0,0,0,0,0,0,0,0,0,0
FULL 71 | 150000 | 15 | 6.50 | 0.143 | 147 | 29.7% | 61.8% | 2.86 | 90 | 1205 | 286 | 0 | 534.4 | 26,13,14,7,14,13,8,8,9,5,4,2,5,9,10
NOINH 71 | 150000 | 15 | 0.00 | 0.000 | 0 | 2.8% | 9.4% | 0.02 | 24 | 1159 | 286 | 0 | 458.1 | 0,0,0,0,0,0,0,0,0,0,0,0,0,0,0
RANDCAP 71 | 150000 | 15 | 13.50 | 0.190 | 233 | 26.6% | 57.9% | 3.11 | 107 | 1010 | 415 | 0 | 497.3 | 19,26,28,13,12,15,12,15,14,16,10,7,12,16,18
SHUF 71 | 150000 | 15 | 3.13 | -0.488 | 85 | 24.0% | 50.0% | 1.78 | 82 | 1223 | 286 | 0 | 544.6 | 3,15,15,10,7,7,3,4,5,3,5,3,2,2,1
FIXED 71 | 150000 | 15 | 6.50 | 0.190 | 113 | 35.7% | 76.2% | 4.17 | 69 | 1045 | 286 | 0 | 431.4 | 14,6,8,14,4,6,9,4,8,5,9,7,4,8,7
BASE 71 | 150000 | 15 | 0.00 | 0.000 | 0 | 0.0% | 0.0% | 0.00 | 0 | 1579 | 286 | 0 | 500.7 | 0,0,0,0,0,0,0,0,0,0,0,0,0,0,0
FULL 72 | 150000 | 15 | 14.13 | 0.202 | 202 | 43.7% | 95.6% | 4.74 | 110 | 866 | 351 | 0 | 459.3 | 1,15,21,19,8,10,15,20,8,12,9,19,16,14,15
NOINH 72 | 150000 | 15 | 0.50 | 0.143 | 52 | 5.4% | 25.2% | 0.02 | 20 | 954 | 351 | 0 | 428.5 | 1,24,11,4,7,0,1,0,1,0,0,0,0,2,1
RANDCAP 72 | 150000 | 15 | 12.13 | 0.631 | 185 | 24.9% | 54.6% | 2.10 | 90 | 1031 | 356 | 0 | 454.8 | 8,14,5,15,13,19,14,11,15,7,13,9,10,12,20
SHUF 72 | 150000 | 15 | 2.38 | -0.131 | 59 | 31.1% | 69.3% | 2.22 | 80 | 1015 | 351 | 0 | 434.8 | 1,14,10,5,8,2,0,3,0,5,4,1,1,5,0
FIXED 72 | 150000 | 15 | 4.50 | -0.929 | 115 | 35.3% | 75.8% | 4.54 | 59 | 917 | 351 | 0 | 383.1 | 1,20,8,12,8,13,17,9,8,3,5,4,3,1,3
BASE 72 | 150000 | 15 | 0.00 | 0.000 | 0 | 0.0% | 0.0% | 0.00 | 0 | 1289 | 351 | 0 | 395.7 | 0,0,0,0,0,0,0,0,0,0,0,0,0,0,0
