arm seed | ticks | windows | Lu late (new used body catalysts/window) | trend | used ever | body share of ALL late income (incl. direct light) | body share of chemical income | mean body size late | catalyst kinds late | N late | N min | reseeds | wall s | new used per window
FULL 73 | 450000 | 30 | 85.53 | -2.482 | 2396 | 31.9% | 75.2% | 15.00 | 393 | 891 | 554 | 0 | 3110.5 | 8,46,48,58,94,89,94,88,75,97,86,91,69,86,84,94,100,99,93,89,112,104,86,90,56,55,82,83,65,75
NOINH 73 | 450000 | 30 | 0.00 | 0.000 | 1 | 0.1% | 0.2% | 0.02 | 24 | 1346 | 554 | 0 | 3022.1 | 1,0,0,0,0,0,0,0,0,0,0,0,0,0,0,0,0,0,0,0,0,0,0,0,0,0,0,0,0,0
RANDCAP 73 | 450000 | 30 | 70.53 | -2.018 | 2483 | 29.2% | 65.3% | 13.37 | 387 | 980 | 441 | 0 | 3150.3 | 28,66,92,88,110,109,89,100,112,132,98,114,97,103,87,87,91,67,78,87,75,81,63,62,58,65,66,50,54,74
SHUF 73 | 450000 | 30 | 27.20 | 0.271 | 1059 | 31.6% | 75.5% | 6.82 | 264 | 1062 | 554 | 0 | 3115.2 | 2,26,38,50,44,37,51,53,50,44,38,68,41,53,56,33,30,27,30,14,25,23,28,28,22,14,31,32,38,33
FIXED 73 | 450000 | 30 | 15.07 | -0.764 | 871 | 18.7% | 40.7% | 13.04 | 241 | 962 | 554 | 0 | 2883.9 | 10,20,29,42,59,50,55,64,65,49,41,51,47,36,27,25,26,17,18,20,9,12,14,10,8,13,13,13,14,14
BASE 73 | 450000 | 30 | 0.00 | 0.000 | 0 | 0.0% | 0.0% | 0.00 | 0 | 1274 | 554 | 0 | 2548.8 | 0,0,0,0,0,0,0,0,0,0,0,0,0,0,0,0,0,0,0,0,0,0,0,0,0,0,0,0,0,0
FULL 74 | 450000 | 30 | 82.33 | -1.407 | 2529 | 26.9% | 60.1% | 14.40 | 398 | 964 | 91 | 0 | 3187.4 | 10,31,77,64,96,84,111,87,125,129,135,84,94,98,69,71,88,92,95,74,81,96,92,91,96,98,84,71,59,47
NOINH 74 | 450000 | 30 | 0.00 | 0.000 | 0 | 0.2% | 0.5% | 0.02 | 24 | 1518 | 91 | 0 | 3137.1 | 0,0,0,0,0,0,0,0,0,0,0,0,0,0,0,0,0,0,0,0,0,0,0,0,0,0,0,0,0,0
RANDCAP 74 | 450000 | 30 | 51.07 | -0.711 | 1534 | 19.2% | 41.9% | 7.93 | 316 | 1174 | 79 | 0 | 3223.1 | 26,37,55,68,53,55,51,51,50,48,44,50,53,66,61,51,49,55,62,52,53,68,68,42,38,40,36,39,63,50
SHUF 74 | 450000 | 30 | 19.40 | 0.139 | 681 | 25.0% | 59.4% | 5.17 | 237 | 1201 | 91 | 0 | 3181.1 | 9,35,24,22,19,29,30,18,23,42,29,26,32,25,27,25,13,15,27,23,20,31,11,13,9,10,12,19,30,33
FIXED 74 | 450000 | 30 | 16.67 | -2.011 | 811 | 8.9% | 19.0% | 9.84 | 217 | 1180 | 91 | 0 | 2999.5 | 16,34,34,35,54,32,19,40,40,40,45,42,50,42,38,30,22,24,29,22,31,17,18,16,16,8,6,3,7,1
BASE 74 | 450000 | 30 | 0.00 | 0.000 | 0 | 0.0% | 0.0% | 0.00 | 0 | 1483 | 91 | 0 | 2758 | 0,0,0,0,0,0,0,0,0,0,0,0,0,0,0,0,0,0,0,0,0,0,0,0,0,0,0,0,0,0
FULL 75 | 450000 | 30 | 98.27 | -1.039 | 2631 | 20.5% | 44.7% | 13.56 | 427 | 965 | 283 | 0 | 3222.1 | 13,39,50,48,53,57,72,92,110,95,92,116,125,98,97,113,103,134,90,95,93,83,79,97,113,94,89,89,118,84
NOINH 75 | 450000 | 30 | 0.00 | 0.000 | 0 | 0.1% | 0.3% | 0.02 | 25 | 1465 | 283 | 0 | 3033.5 | 0,0,0,0,0,0,0,0,0,0,0,0,0,0,0,0,0,0,0,0,0,0,0,0,0,0,0,0,0,0
RANDCAP 75 | 450000 | 30 | 47.60 | -2.736 | 1810 | 19.9% | 43.2% | 7.50 | 295 | 1149 | 286 | 0 | 3195.1 | 10,41,58,66,69,74,100,93,92,91,79,62,94,78,89,80,60,54,60,67,64,49,30,30,37,38,27,34,42,42
SHUF 75 | 450000 | 30 | 19.47 | -1.021 | 767 | 28.3% | 62.2% | 6.17 | 236 | 1171 | 283 | 0 | 3172.1 | 18,30,48,43,40,26,36,32,36,28,26,21,26,33,32,22,22,20,24,13,37,32,14,24,30,16,10,10,7,11
FIXED 75 | 450000 | 30 | 15.33 | -0.896 | 752 | 16.0% | 33.4% | 9.16 | 195 | 1111 | 283 | 0 | 2911.3 | 18,32,50,55,49,30,28,34,39,28,34,38,29,41,17,18,23,25,24,17,11,16,13,14,14,10,9,12,13,11
BASE 75 | 450000 | 30 | 0.00 | 0.000 | 0 | 0.0% | 0.0% | 0.00 | 0 | 1417 | 283 | 0 | 2679.7 | 0,0,0,0,0,0,0,0,0,0,0,0,0,0,0,0,0,0,0,0,0,0,0,0,0,0,0,0,0,0
