arm seed | ticks | windows | Lu late (new used body catalysts/window) | trend | used ever | body share of ALL late income (incl. direct light) | body share of chemical income | mean body size late | catalyst kinds late | N late | N min | reseeds | wall s | new used per window
FULL 60 | 150000 | 15 | 45.75 | -3.286 | 660 | 33.9% | 70.7% | 8.38 | 285 | 1113 | 458 | 0 | 697 | 16,33,40,68,49,57,31,46,72,43,42,52,48,30,33
NOINH 60 | 150000 | 15 | 0.00 | 0.000 | 0 | 0.1% | 0.3% | 0.02 | 23 | 1324 | 458 | 0 | 566.9 | 0,0,0,0,0,0,0,0,0,0,0,0,0,0,0
RANDCAP 60 | 150000 | 15 | 76.38 | 2.917 | 874 | 16.2% | 35.3% | 10.06 | 346 | 1020 | 605 | 0 | 698.6 | 14,27,30,35,46,55,56,62,78,81,56,73,88,90,83
SHUF 60 | 150000 | 15 | 32.38 | 0.821 | 513 | 28.3% | 65.0% | 4.60 | 241 | 1180 | 458 | 0 | 712.1 | 10,36,35,56,42,38,37,33,16,51,20,30,40,40,29
FIXED 60 | 150000 | 15 | 33.00 | -1.881 | 456 | 24.8% | 56.1% | 10.94 | 236 | 1066 | 458 | 0 | 573 | 11,18,25,32,40,35,31,32,35,49,28,36,38,28,18
BASE 60 | 150000 | 15 | 0.00 | 0.000 | 0 | 0.0% | 0.0% | 0.00 | 0 | 1282 | 458 | 0 | 436 | 0,0,0,0,0,0,0,0,0,0,0,0,0,0,0
FULL 61 | 150000 | 15 | 22.00 | -0.905 | 452 | 31.4% | 67.8% | 7.07 | 205 | 1253 | 189 | 0 | 733.3 | 15,41,38,52,39,52,39,30,26,16,18,20,27,22,17
NOINH 61 | 150000 | 15 | 0.00 | 0.000 | 0 | 0.2% | 0.4% | 0.02 | 22 | 1313 | 189 | 0 | 630.1 | 0,0,0,0,0,0,0,0,0,0,0,0,0,0,0
RANDCAP 61 | 150000 | 15 | 59.25 | -9.476 | 772 | 18.8% | 39.8% | 7.75 | 348 | 1353 | 179 | 0 | 740.1 | 7,23,33,43,60,74,58,78,99,72,69,50,49,33,24
SHUF 61 | 150000 | 15 | 15.88 | -2.298 | 334 | 29.4% | 62.7% | 5.18 | 201 | 1359 | 189 | 0 | 764.8 | 17,34,23,33,27,30,43,26,25,15,16,12,9,16,8
FIXED 61 | 150000 | 15 | 32.88 | -1.250 | 437 | 19.4% | 43.6% | 10.27 | 226 | 1159 | 189 | 0 | 649.5 | 11,17,32,31,25,33,25,33,26,43,45,35,29,28,24
BASE 61 | 150000 | 15 | 0.00 | 0.000 | 0 | 0.0% | 0.0% | 0.00 | 0 | 1388 | 189 | 0 | 523.4 | 0,0,0,0,0,0,0,0,0,0,0,0,0,0,0
FULL 62 | 150000 | 15 | 31.50 | -0.452 | 521 | 18.8% | 40.5% | 6.94 | 241 | 1338 | 287 | 0 | 668.2 | 15,33,28,59,55,36,43,41,31,34,26,23,27,31,39
NOINH 62 | 150000 | 15 | 0.00 | 0.000 | 0 | 0.1% | 0.2% | 0.02 | 16 | 1487 | 287 | 0 | 570.2 | 0,0,0,0,0,0,0,0,0,0,0,0,0,0,0
RANDCAP 62 | 150000 | 15 | 39.38 | -3.417 | 582 | 17.0% | 35.8% | 5.20 | 261 | 1367 | 269 | 0 | 627.8 | 4,12,28,51,63,52,57,68,45,31,33,39,32,32,35
SHUF 62 | 150000 | 15 | 18.75 | -2.667 | 385 | 31.3% | 67.9% | 5.10 | 208 | 1332 | 287 | 0 | 636.5 | 15,27,36,33,37,45,42,25,31,22,15,21,17,9,10
FIXED 62 | 150000 | 15 | 32.13 | -2.607 | 461 | 18.1% | 38.6% | 8.69 | 229 | 1249 | 287 | 0 | 543.8 | 10,22,23,33,39,36,41,57,25,27,34,32,32,29,21
BASE 62 | 150000 | 15 | 0.00 | 0.000 | 0 | 0.0% | 0.0% | 0.00 | 0 | 1413 | 287 | 0 | 543.5 | 0,0,0,0,0,0,0,0,0,0,0,0,0,0,0
