arm seed | ticks | windows | Lu late (new used body catalysts/window) | trend | used ever | body share of ALL late income (incl. direct light) | body share of chemical income | mean body size late | catalyst kinds late | N late | N min | reseeds | wall s | new used per window
FULL 63 | 450000 | 30 | 31.00 | -4.746 | 1209 | 38.9% | 84.6% | 9.18 | 227 | 1161 | 321 | 0 | 3584.9 | 6,32,44,42,43,64,47,58,57,45,62,46,56,76,66,61,59,60,64,68,39,31,10,9,10,5,10,13,10,16
NOINH 63 | 450000 | 30 | 0.00 | 0.000 | 0 | 0.1% | 0.3% | 0.02 | 24 | 1437 | 321 | 0 | 3389.6 | 0,0,0,0,0,0,0,0,0,0,0,0,0,0,0,0,0,0,0,0,0,0,0,0,0,0,0,0,0,0
RANDCAP 63 | 450000 | 30 | 65.80 | -3.689 | 2021 | 36.8% | 84.8% | 13.25 | 361 | 943 | 188 | 0 | 3535.6 | 9,20,50,64,65,80,73,92,98,87,77,79,79,91,70,106,74,73,92,80,86,58,85,54,38,42,49,46,54,50
SHUF 63 | 450000 | 30 | 4.93 | 0.093 | 362 | 42.3% | 86.5% | 5.35 | 87 | 1336 | 321 | 0 | 3552.6 | 3,40,30,45,27,36,26,26,14,7,12,9,6,4,3,5,1,3,4,8,5,4,6,5,6,9,6,6,4,2
FIXED 63 | 450000 | 30 | 7.20 | -0.425 | 596 | 8.0% | 16.7% | 3.09 | 104 | 1395 | 321 | 0 | 3262.9 | 5,18,29,43,52,28,54,54,56,37,37,19,29,16,11,14,10,5,13,5,9,4,6,8,6,7,6,8,1,6
BASE 63 | 450000 | 30 | 0.00 | 0.000 | 0 | 0.0% | 0.0% | 0.00 | 0 | 1502 | 321 | 0 | 3064.4 | 0,0,0,0,0,0,0,0,0,0,0,0,0,0,0,0,0,0,0,0,0,0,0,0,0,0,0,0,0,0
FULL 64 | 450000 | 30 | 21.40 | 0.446 | 950 | 40.8% | 84.8% | 8.90 | 171 | 1164 | 298 | 0 | 3599.2 | 18,43,46,51,44,63,56,51,44,70,39,15,28,30,31,30,22,11,15,18,22,19,16,22,24,20,22,29,21,30
NOINH 64 | 450000 | 30 | 0.00 | 0.000 | 0 | 0.3% | 0.5% | 0.02 | 25 | 1368 | 298 | 0 | 3339.3 | 0,0,0,0,0,0,0,0,0,0,0,0,0,0,0,0,0,0,0,0,0,0,0,0,0,0,0,0,0,0
RANDCAP 64 | 450000 | 30 | 35.00 | 0.996 | 1246 | 33.3% | 69.1% | 10.16 | 193 | 1092 | 289 | 0 | 3572.3 | 7,19,37,46,40,71,77,58,74,78,57,28,31,52,46,22,18,29,28,28,44,41,53,44,36,36,41,36,40,29
SHUF 64 | 450000 | 30 | 7.80 | -0.457 | 613 | 39.6% | 84.0% | 4.71 | 128 | 1263 | 298 | 0 | 3539.9 | 16,43,59,41,54,43,46,28,45,30,27,20,20,19,5,6,11,13,23,13,3,5,3,3,1,3,11,7,11,4
FIXED 64 | 450000 | 30 | 11.73 | -0.589 | 820 | 18.0% | 37.0% | 9.16 | 221 | 1188 | 298 | 0 | 3370.4 | 15,46,49,49,55,54,51,43,41,45,51,44,37,32,32,21,17,12,15,14,12,10,7,11,10,7,7,9,13,11
BASE 64 | 450000 | 30 | 0.00 | 0.000 | 0 | 0.0% | 0.0% | 0.00 | 0 | 1340 | 298 | 0 | 3046 | 0,0,0,0,0,0,0,0,0,0,0,0,0,0,0,0,0,0,0,0,0,0,0,0,0,0,0,0,0,0
FULL 65 | 450000 | 30 | 20.87 | -1.475 | 1024 | 32.0% | 67.9% | 7.68 | 207 | 1219 | 130 | 0 | 3666.3 | 24,53,51,66,47,50,72,63,50,39,38,48,42,43,25,35,43,27,22,29,20,23,8,14,5,12,17,26,19,13
NOINH 65 | 450000 | 30 | 0.00 | 0.000 | 0 | 0.1% | 0.3% | 0.02 | 23 | 1345 | 130 | 0 | 3317.9 | 0,0,0,0,0,0,0,0,0,0,0,0,0,0,0,0,0,0,0,0,0,0,0,0,0,0,0,0,0,0
RANDCAP 65 | 450000 | 30 | 31.73 | 0.411 | 1419 | 31.3% | 66.9% | 7.49 | 251 | 1302 | 126 | 0 | 3646 | 23,49,52,83,89,97,73,85,87,91,97,38,23,15,41,31,36,38,30,42,24,22,13,24,29,27,39,31,50,40
SHUF 65 | 450000 | 30 | 5.40 | 0.114 | 255 | 33.3% | 69.2% | 5.12 | 107 | 1294 | 130 | 0 | 3576.6 | 24,18,38,15,10,11,7,11,7,10,2,8,8,3,2,4,10,5,4,1,6,6,5,3,3,4,10,4,11,5
FIXED 65 | 450000 | 30 | 15.53 | -0.775 | 721 | 19.9% | 42.0% | 9.99 | 199 | 1168 | 130 | 0 | 3277.6 | 15,22,39,41,30,43,33,38,34,36,43,35,33,25,21,19,30,21,23,10,12,14,8,23,12,10,9,14,18,10
BASE 65 | 450000 | 30 | 0.00 | 0.000 | 0 | 0.0% | 0.0% | 0.00 | 0 | 1379 | 130 | 0 | 2985.4 | 0,0,0,0,0,0,0,0,0,0,0,0,0,0,0,0,0,0,0,0,0,0,0,0,0,0,0,0,0,0
