arm seed | ticks | windows | Lu late (new used body catalysts/window) | trend | used ever | body share of ALL late income (incl. direct light) | body share of chemical income | mean body size late | catalyst kinds late | N late | N min | reseeds | wall s | new used per window
FULL 60 | 150000 | 15 | 31.00 | -0.667 | 554 | 29.0% | 67.2% | 6.55 | 210 | 1090 | 458 | 0 | 622.6 | 22,38,41,48,53,44,60,26,36,36,33,30,36,24,27
NOINH 60 | 150000 | 15 | 0.00 | 0.000 | 1 | 0.3% | 0.7% | 0.02 | 22 | 1243 | 458 | 0 | 558.8 | 0,0,0,0,1,0,0,0,0,0,0,0,0,0,0
RANDCAP 60 | 150000 | 15 | 81.00 | 1.119 | 1024 | 21.1% | 47.3% | 10.38 | 375 | 1007 | 458 | 0 | 678.2 | 4,26,32,63,87,69,95,82,83,80,75,69,75,92,92
SHUF 60 | 150000 | 15 | 4.13 | -0.488 | 107 | 1.4% | 2.9% | 0.69 | 69 | 1344 | 458 | 0 | 639.8 | 8,17,13,7,10,8,11,5,7,7,1,4,2,4,3
FIXED 60 | 150000 | 15 | 42.13 | -4.298 | 556 | 25.5% | 56.0% | 14.36 | 262 | 941 | 458 | 0 | 551.3 | 10,15,12,23,41,68,50,61,45,57,49,32,28,30,35
BASE 60 | 150000 | 15 | 0.00 | 0.000 | 0 | 0.0% | 0.0% | 0.00 | 0 | 1282 | 458 | 0 | 436 | 0,0,0,0,0,0,0,0,0,0,0,0,0,0,0
FULL 61 | 150000 | 15 | 36.38 | 0.107 | 530 | 23.2% | 51.1% | 6.20 | 219 | 1207 | 189 | 0 | 703.1 | 14,34,47,40,31,37,36,42,37,24,41,36,35,36,40
NOINH 61 | 150000 | 15 | 0.00 | 0.000 | 0 | 0.3% | 0.6% | 0.02 | 24 | 1367 | 189 | 0 | 591.7 | 0,0,0,0,0,0,0,0,0,0,0,0,0,0,0
RANDCAP 61 | 150000 | 15 | 36.25 | -3.548 | 500 | 31.8% | 67.4% | 7.18 | 238 | 1221 | 177 | 0 | 664.8 | 6,22,26,44,41,38,33,37,56,43,40,35,37,15,27
SHUF 61 | 150000 | 15 | 7.13 | -0.321 | 199 | 33.5% | 70.2% | 4.32 | 120 | 1313 | 189 | 0 | 663.2 | 20,27,18,20,22,20,15,9,8,9,5,5,5,12,4
FIXED 61 | 150000 | 15 | 34.75 | -0.262 | 406 | 24.9% | 54.5% | 10.95 | 218 | 1046 | 189 | 0 | 590 | 15,14,14,21,17,17,30,32,44,25,41,31,38,38,29
BASE 61 | 150000 | 15 | 0.00 | 0.000 | 0 | 0.0% | 0.0% | 0.00 | 0 | 1388 | 189 | 0 | 523.4 | 0,0,0,0,0,0,0,0,0,0,0,0,0,0,0
FULL 62 | 150000 | 15 | 31.50 | -0.500 | 512 | 33.7% | 70.2% | 10.06 | 220 | 1212 | 287 | 0 | 700.3 | 17,36,43,39,35,60,30,34,29,35,27,36,32,36,23
NOINH 62 | 150000 | 15 | 0.13 | -0.060 | 1 | 0.2% | 0.3% | 0.02 | 13 | 1456 | 287 | 0 | 575.1 | 0,0,0,0,0,0,0,0,1,0,0,0,0,0,0
RANDCAP 62 | 150000 | 15 | 35.63 | -0.298 | 490 | 19.0% | 39.3% | 6.89 | 222 | 1243 | 277 | 0 | 655.4 | 5,21,10,28,42,56,43,31,40,33,39,39,38,39,26
SHUF 62 | 150000 | 15 | 16.88 | -1.440 | 304 | 27.0% | 59.1% | 3.69 | 170 | 1298 | 287 | 0 | 641.1 | 16,22,29,24,35,17,26,22,22,23,15,10,15,12,16
FIXED 62 | 150000 | 15 | 35.50 | -0.595 | 493 | 28.7% | 61.9% | 13.48 | 267 | 1109 | 287 | 0 | 576 | 11,15,30,40,39,39,35,45,38,32,28,31,38,35,37
BASE 62 | 150000 | 15 | 0.00 | 0.000 | 0 | 0.0% | 0.0% | 0.00 | 0 | 1413 | 287 | 0 | 543.5 | 0,0,0,0,0,0,0,0,0,0,0,0,0,0,0
