arm seed | ticks | windows | Lu late (new used body catalysts/window) | trend | used ever | body share of ALL late income (incl. direct light) | body share of chemical income | mean body size late | catalyst kinds late | N late | N min | reseeds | cross-feeding: share of body income from others' leaked/released substrate, late | env: distinct dominant species (>=1% of occupied cells) late | env dominant-species entropy late | wall s | new used per window
FULL 53 | 450000 | 30 | 14.40 | 0.461 | 655 | 33.9% | 72.9% | 4.50 | 173 | 1459 | 232 | 0 | 2.2% | 12.8 | 2.30 | 8371.1 | 40,40,34,27,40,52,27,29,39,28,23,14,19,10,17,12,18,14,9,11,23,8,13,9,10,11,11,19,23,25
RANDCAP 53 | 450000 | 30 | 53.93 | -1.446 | 2145 | 45.3% | 94.9% | 9.13 | 371 | 1362 | 414 | 0 | 2.8% | 10.9 | 2.03 | 8883.6 | 25,83,110,96,107,100,94,87,93,94,117,83,90,66,91,72,53,57,55,57,58,62,56,49,74,39,41,58,43,35
NOLEAK 53 | 450000 | 30 | 14.60 | 0.461 | 639 | 33.4% | 71.9% | 4.71 | 186 | 1451 | 232 | 0 | 2.3% | 13.6 | 2.41 | 7995.2 | 27,49,41,31,55,43,37,23,20,8,16,14,19,18,19,9,17,26,8,10,10,16,5,12,6,16,23,23,23,15
SHUFENV 53 | 450000 | 30 | 21.60 | -0.825 | 883 | 32.8% | 71.4% | 5.36 | 209 | 1398 | 232 | 0 | 2.1% | 9.6 | 1.89 | 8657.2 | 32,51,40,51,52,45,32,41,38,32,34,25,38,24,24,27,28,22,21,26,25,30,21,24,19,18,15,10,14,24
NOINH 53 | 450000 | 30 | 0.00 | 0.000 | 0 | 0.4% | 0.8% | 0.02 | 27 | 1500 | 232 | 0 | 2.6% | 6.4 | 1.46 | 6566.8 | 0,0,0,0,0,0,0,0,0,0,0,0,0,0,0,0,0,0,0,0,0,0,0,0,0,0,0,0,0,0
FIXED 53 | 450000 | 30 | 16.00 | -0.643 | 591 | 46.9% | 99.9% | 9.84 | 184 | 1270 | 232 | 0 | 7.8% | 8.2 | 1.76 | 7520.8 | 22,42,35,33,27,28,16,31,18,19,12,13,12,20,23,21,19,12,15,13,36,15,21,14,11,14,19,14,9,7
BASE 53 | 450000 | 30 | 0.00 | 0.000 | 0 | 0.0% | 0.0% | 0.00 | 0 | 1510 | 232 | 0 | 0.0% | 0.0 | 0.00 | 3689.1 | 0,0,0,0,0,0,0,0,0,0,0,0,0,0,0,0,0,0,0,0,0,0,0,0,0,0,0,0,0,0
FULL 54 | 450000 | 30 | 20.07 | -1.114 | 918 | 39.9% | 86.2% | 4.34 | 182 | 1382 | 66 | 0 | 2.7% | 12.3 | 2.19 | 8203.5 | 16,32,57,55,45,28,35,21,32,35,50,66,55,44,46,26,34,22,11,23,28,19,27,28,21,11,17,11,15,8
RANDCAP 54 | 450000 | 30 | 35.27 | -2.593 | 1757 | 49.3% | 100.0% | 7.98 | 230 | 1328 | 259 | 0 | 1.9% | 5.5 | 1.16 | 8620.2 | 30,58,79,85,86,108,103,99,85,95,84,93,98,64,61,44,40,46,63,54,56,45,28,23,23,19,16,25,21,26
NOLEAK 54 | 450000 | 30 | 20.07 | 0.325 | 870 | 48.4% | 99.8% | 5.95 | 163 | 1356 | 66 | 0 | 2.0% | 11.3 | 2.12 | 7922.1 | 12,28,50,45,59,41,40,55,61,41,43,32,23,23,16,21,12,18,18,13,20,24,19,32,22,28,12,22,23,17
SHUFENV 54 | 450000 | 30 | 22.20 | -3.029 | 956 | 47.7% | 100.0% | 5.49 | 164 | 1391 | 66 | 0 | 2.0% | 10.3 | 1.96 | 8501.5 | 13,33,48,39,38,33,37,44,47,44,46,44,47,48,62,53,46,36,21,37,28,26,16,15,14,9,6,4,12,10
NOINH 54 | 450000 | 30 | 0.00 | 0.000 | 16 | 0.4% | 0.9% | 0.02 | 26 | 1389 | 66 | 0 | 2.0% | 2.9 | 0.64 | 6320.6 | 0,4,1,2,4,4,0,1,0,0,0,0,0,0,0,0,0,0,0,0,0,0,0,0,0,0,0,0,0,0
FIXED 54 | 450000 | 30 | 18.80 | -1.693 | 855 | 47.4% | 99.8% | 15.07 | 267 | 1043 | 66 | 0 | 11.6% | 7.5 | 1.62 | 7713.5 | 9,28,34,35,45,69,38,39,44,32,41,31,43,48,37,48,25,35,23,19,11,5,18,20,14,15,13,9,16,11
BASE 54 | 450000 | 30 | 0.00 | 0.000 | 0 | 0.0% | 0.0% | 0.00 | 0 | 1362 | 66 | 0 | 0.0% | 0.0 | 0.00 | 3051.8 | 0,0,0,0,0,0,0,0,0,0,0,0,0,0,0,0,0,0,0,0,0,0,0,0,0,0,0,0,0,0
FULL 55 | 450000 | 30 | 21.33 | 0.871 | 744 | 44.4% | 96.2% | 5.98 | 157 | 1317 | 197 | 0 | 4.1% | 10.8 | 2.08 | 8237.9 | 17,22,38,43,39,29,36,36,36,37,28,19,14,20,10,9,10,12,13,20,24,32,32,36,27,14,28,24,18,21
RANDCAP 55 | 450000 | 30 | 43.67 | -2.604 | 1766 | 48.0% | 99.9% | 7.73 | 284 | 1361 | 188 | 0 | 2.6% | 8.8 | 1.76 | 8720.4 | 16,48,74,68,75,88,87,99,79,63,84,73,84,82,91,94,65,46,54,36,43,43,37,23,28,44,34,36,29,43
NOLEAK 55 | 450000 | 30 | 15.33 | -1.904 | 870 | 48.9% | 98.4% | 5.98 | 94 | 1427 | 197 | 0 | 1.7% | 3.3 | 0.56 | 7861 | 22,35,62,59,55,57,45,41,48,48,45,55,30,23,15,14,26,37,33,38,14,17,6,3,7,7,8,5,3,12
SHUFENV 55 | 450000 | 30 | 16.07 | -1.607 | 861 | 35.2% | 75.3% | 4.84 | 148 | 1324 | 197 | 0 | 1.9% | 9.5 | 1.79 | 8542.9 | 15,48,54,48,39,52,47,38,31,47,36,43,39,48,35,36,23,19,23,31,28,11,13,2,4,4,8,13,14,12
NOINH 55 | 450000 | 30 | 0.00 | 0.000 | 0 | 0.5% | 1.1% | 0.02 | 26 | 1425 | 197 | 0 | 2.5% | 5.6 | 1.23 | 6646 | 0,0,0,0,0,0,0,0,0,0,0,0,0,0,0,0,0,0,0,0,0,0,0,0,0,0,0,0,0,0
FIXED 55 | 450000 | 30 | 12.27 | -0.857 | 706 | 47.1% | 100.0% | 10.18 | 201 | 1218 | 197 | 0 | 9.3% | 8.8 | 1.81 | 7591.3 | 21,22,41,33,53,61,53,44,33,37,31,21,27,23,22,28,15,18,12,12,10,13,10,12,9,8,10,10,10,7
BASE 55 | 450000 | 30 | 0.00 | 0.000 | 0 | 0.0% | 0.0% | 0.00 | 0 | 1501 | 197 | 0 | 0.0% | 0.0 | 0.00 | 3588.6 | 0,0,0,0,0,0,0,0,0,0,0,0,0,0,0,0,0,0,0,0,0,0,0,0,0,0,0,0,0,0
