arm seed | ticks | windows | Lu late (new used body catalysts/window) | trend | used ever | body share of ALL late income (incl. direct light) | body share of chemical income | mean body size late | catalyst kinds late | N late | N min | reseeds | cross-feeding: share of body income from others' leaked/released substrate, late | env: distinct dominant species (>=1% of occupied cells) late | env dominant-species entropy late | wall s | new used per window
FULL 50 | 150000 | 15 | 31.13 | -0.917 | 483 | 31.5% | 71.1% | 5.92 | 221 | 1113 | 610 | 0 | 6.0% | 14.4 | 2.34 | 1791.9 | 16,36,39,38,38,29,38,33,37,26,28,35,40,30,20
RANDCAP 50 | 150000 | 15 | 66.50 | 0.071 | 842 | 36.8% | 80.7% | 11.05 | 346 | 1024 | 645 | 0 | 7.5% | 9.3 | 1.82 | 2139.4 | 11,32,36,46,53,71,61,77,62,53,76,60,68,63,73
NOLEAK 50 | 150000 | 15 | 31.75 | -2.095 | 414 | 41.1% | 90.8% | 4.41 | 204 | 1221 | 610 | 0 | 4.7% | 13.7 | 2.36 | 1619.9 | 16,19,35,32,13,17,28,31,40,45,25,35,31,28,19
SHUFENV 50 | 150000 | 15 | 27.00 | -0.476 | 486 | 39.7% | 90.7% | 6.05 | 203 | 1119 | 610 | 0 | 2.7% | 9.8 | 1.89 | 2286.6 | 8,36,56,42,48,40,40,29,32,31,23,21,22,27,31
NOINH 50 | 150000 | 15 | 0.25 | -0.167 | 12 | 1.7% | 4.4% | 0.02 | 23 | 1110 | 610 | 0 | 5.4% | 3.8 | 0.92 | 1328.1 | 2,6,0,0,0,0,2,2,0,0,0,0,0,0,0
FIXED 50 | 150000 | 15 | 34.25 | -3.738 | 419 | 40.2% | 90.7% | 12.34 | 220 | 983 | 610 | 0 | 10.5% | 6.7 | 1.47 | 1583.9 | 12,14,16,20,26,30,27,52,50,33,33,24,30,23,29
BASE 50 | 150000 | 15 | 0.00 | 0.000 | 0 | 0.0% | 0.0% | 0.00 | 0 | 1189 | 610 | 0 | 0.0% | 0.0 | 0.00 | 521.5 | 0,0,0,0,0,0,0,0,0,0,0,0,0,0,0
FULL 51 | 150000 | 15 | 35.75 | -0.333 | 476 | 33.9% | 72.0% | 6.02 | 239 | 1316 | 275 | 0 | 5.3% | 12.9 | 2.24 | 4882.5 | 22,32,36,25,27,27,21,25,36,40,49,44,31,34,27
RANDCAP 51 | 150000 | 15 | 73.75 | 0.429 | 806 | 16.5% | 36.3% | 8.94 | 372 | 1163 | 268 | 0 | 14.8% | 11.2 | 2.14 | 4783.8 | 13,20,17,27,40,42,57,66,71,75,76,80,83,74,65
NOLEAK 51 | 150000 | 15 | 31.88 | -2.583 | 489 | 34.1% | 72.3% | 5.26 | 223 | 1300 | 275 | 0 | 4.7% | 12.5 | 2.33 | 4682 | 19,31,42,38,38,38,28,34,41,44,24,37,36,18,21
SHUFENV 51 | 150000 | 15 | 42.75 | 2.524 | 556 | 32.8% | 71.2% | 6.60 | 265 | 1249 | 275 | 0 | 3.6% | 10.3 | 1.92 | 4856.5 | 13,27,33,26,31,38,46,32,37,29,47,48,63,42,44
NOINH 51 | 150000 | 15 | 0.00 | 0.000 | 0 | 0.4% | 0.8% | 0.02 | 24 | 1291 | 275 | 0 | 1.8% | 3.6 | 1.01 | 4279.7 | 0,0,0,0,0,0,0,0,0,0,0,0,0,0,0
FIXED 51 | 150000 | 15 | 34.13 | -0.369 | 482 | 31.1% | 67.5% | 12.33 | 221 | 1024 | 275 | 0 | 13.0% | 9.1 | 1.78 | 4262.4 | 13,14,24,41,34,37,46,33,37,31,35,40,35,33,29
BASE 51 | 150000 | 15 | 0.00 | 0.000 | 0 | 0.0% | 0.0% | 0.00 | 0 | 1373 | 275 | 0 | 0.0% | 0.0 | 0.00 | 1793.1 | 0,0,0,0,0,0,0,0,0,0,0,0,0,0,0
FULL 52 | 150000 | 15 | 33.75 | -4.548 | 540 | 39.4% | 82.5% | 6.73 | 219 | 1145 | 136 | 0 | 2.7% | 12.6 | 2.26 | 1609.9 | 9,24,35,37,56,46,63,54,32,49,38,32,24,25,16
RANDCAP 52 | 150000 | 15 | 81.13 | 2.155 | 943 | 45.9% | 99.7% | 10.57 | 365 | 978 | 138 | 0 | 7.7% | 10.7 | 1.99 | 1625.4 | 12,37,47,33,51,52,62,55,85,77,107,76,77,91,81
NOLEAK 52 | 150000 | 15 | 49.50 | -2.833 | 699 | 32.1% | 69.2% | 7.02 | 303 | 1166 | 136 | 0 | 3.7% | 11.3 | 2.05 | 1460.3 | 9,32,32,41,55,77,57,57,67,50,45,40,57,40,40
SHUFENV 52 | 150000 | 15 | 34.50 | -0.024 | 439 | 37.5% | 81.3% | 5.74 | 250 | 1219 | 136 | 0 | 2.9% | 7.8 | 1.60 | 1652.9 | 8,39,23,23,29,18,23,36,33,25,52,29,33,31,37
NOINH 52 | 150000 | 15 | 0.00 | 0.000 | 1 | 0.2% | 0.4% | 0.02 | 23 | 1239 | 136 | 0 | 1.4% | 5.2 | 1.19 | 1205.9 | 0,1,0,0,0,0,0,0,0,0,0,0,0,0,0
FIXED 52 | 150000 | 15 | 34.88 | 0.512 | 449 | 36.4% | 80.6% | 13.54 | 215 | 970 | 136 | 0 | 11.4% | 7.2 | 1.50 | 1248 | 5,21,22,20,32,41,29,19,37,39,37,46,49,21,31
BASE 52 | 150000 | 15 | 0.00 | 0.000 | 0 | 0.0% | 0.0% | 0.00 | 0 | 1224 | 136 | 0 | 0.0% | 0.0 | 0.00 | 591.9 | 0,0,0,0,0,0,0,0,0,0,0,0,0,0,0
