arm seed | ticks | windows | Lu late (new used body catalysts/window) | trend | used ever | body share of ALL late income (incl. direct light) | body share of chemical income | mean body size late | catalyst kinds late | N late | N min | reseeds | cross-feeding: share of body income from others' leaked/released substrate, late | env: distinct dominant species (>=1% of occupied cells) late | env dominant-species entropy late | wall s | new used per window
FULL 50 | 150000 | 15 | 41.25 | -2.071 | 572 | 31.8% | 73.8% | 6.09 | 243 | 1116 | 610 | 0 | 6.5% | 14.3 | 2.30 | 1822.1 | 16,36,44,34,26,40,46,55,50,37,35,44,35,30,44
RANDCAP 50 | 150000 | 15 | 81.38 | -2.250 | 990 | 34.8% | 77.7% | 11.16 | 354 | 938 | 645 | 0 | 9.9% | 9.9 | 1.92 | 2068.1 | 11,32,38,64,52,49,93,100,73,82,88,79,75,86,68
NOLEAK 50 | 150000 | 15 | 35.50 | -3.595 | 526 | 40.0% | 90.9% | 4.88 | 215 | 1156 | 610 | 0 | 4.1% | 12.1 | 2.18 | 1615.8 | 16,19,38,26,34,53,56,49,45,35,38,47,21,22,27
SHUFENV 50 | 150000 | 15 | 45.88 | 0.369 | 696 | 39.8% | 91.3% | 9.61 | 295 | 1058 | 610 | 0 | 4.8% | 11.8 | 2.19 | 3558.3 | 8,36,68,60,50,56,51,49,45,47,34,51,42,48,51
NOINH 50 | 150000 | 15 | 0.00 | 0.000 | 8 | 0.4% | 0.9% | 0.02 | 22 | 1218 | 610 | 0 | 1.8% | 5.6 | 1.26 | 1881.7 | 2,6,0,0,0,0,0,0,0,0,0,0,0,0,0
FIXED 50 | 150000 | 15 | 40.88 | -0.893 | 498 | 41.5% | 92.5% | 13.83 | 241 | 939 | 610 | 0 | 8.6% | 7.0 | 1.60 | 3148.8 | 12,14,22,23,22,32,46,31,38,54,53,47,40,34,30
BASE 50 | 150000 | 15 | 0.00 | 0.000 | 0 | 0.0% | 0.0% | 0.00 | 0 | 1176 | 610 | 0 | 0.0% | 0.0 | 0.00 | 528 | 0,0,0,0,0,0,0,0,0,0,0,0,0,0,0
FULL 51 | 150000 | 15 | 25.75 | -2.857 | 430 | 35.3% | 73.5% | 5.22 | 179 | 1274 | 275 | 0 | 3.4% | 12.7 | 2.25 | 4275 | 22,32,31,32,30,45,32,38,36,20,28,20,28,31,5
RANDCAP 51 | 150000 | 15 | 63.25 | 2.167 | 756 | 33.3% | 70.5% | 8.89 | 325 | 1120 | 268 | 0 | 6.2% | 11.3 | 2.11 | 4253.4 | 13,20,25,36,57,55,44,53,52,64,79,51,73,62,72
NOLEAK 51 | 150000 | 15 | 11.50 | -0.214 | 275 | 35.3% | 73.5% | 3.73 | 89 | 1362 | 275 | 0 | 2.8% | 11.5 | 2.08 | 3424 | 19,31,43,31,19,13,27,12,15,8,11,10,14,15,7
SHUFENV 51 | 150000 | 15 | 24.88 | -2.250 | 399 | 31.1% | 69.6% | 4.94 | 183 | 1280 | 275 | 0 | 2.4% | 10.1 | 1.96 | 3244.2 | 13,27,31,35,40,28,26,35,30,37,16,21,16,22,22
NOINH 51 | 150000 | 15 | 0.00 | 0.000 | 0 | 0.2% | 0.5% | 0.02 | 26 | 1409 | 275 | 0 | 1.9% | 3.8 | 1.02 | 2786.4 | 0,0,0,0,0,0,0,0,0,0,0,0,0,0,0
FIXED 51 | 150000 | 15 | 30.25 | -1.262 | 442 | 34.6% | 74.1% | 11.56 | 229 | 1128 | 275 | 0 | 9.7% | 10.0 | 1.95 | 2098.3 | 13,14,30,32,33,33,45,32,38,23,36,35,27,30,21
BASE 51 | 150000 | 15 | 0.00 | 0.000 | 0 | 0.0% | 0.0% | 0.00 | 0 | 1341 | 275 | 0 | 0.0% | 0.0 | 0.00 | 2427.5 | 0,0,0,0,0,0,0,0,0,0,0,0,0,0,0
FULL 52 | 150000 | 15 | 29.38 | -3.417 | 452 | 35.8% | 80.0% | 6.05 | 195 | 1152 | 136 | 0 | 4.4% | 13.9 | 2.36 | 1439.8 | 9,24,27,44,36,39,38,33,42,29,53,14,32,20,12
RANDCAP 52 | 150000 | 15 | 55.13 | -3.774 | 768 | 45.4% | 99.8% | 8.63 | 330 | 1126 | 138 | 0 | 7.5% | 10.3 | 1.98 | 1521.6 | 12,37,36,54,50,76,62,62,87,62,44,47,36,47,56
NOLEAK 52 | 150000 | 15 | 42.25 | 1.143 | 578 | 31.4% | 68.5% | 7.68 | 253 | 1104 | 136 | 0 | 3.7% | 11.3 | 2.06 | 1363.1 | 9,32,33,52,32,41,41,44,37,53,26,47,30,35,66
SHUFENV 52 | 150000 | 15 | 30.38 | -0.393 | 412 | 37.5% | 81.4% | 5.63 | 208 | 1164 | 136 | 0 | 2.6% | 8.3 | 1.71 | 1423 | 8,39,23,23,23,20,33,36,30,34,26,21,33,32,31
NOINH 52 | 150000 | 15 | 0.00 | 0.000 | 1 | 0.6% | 1.4% | 0.02 | 23 | 1219 | 136 | 0 | 1.9% | 4.5 | 1.12 | 1012.7 | 0,1,0,0,0,0,0,0,0,0,0,0,0,0,0
FIXED 52 | 150000 | 15 | 26.75 | -3.238 | 401 | 42.0% | 94.0% | 11.01 | 200 | 1037 | 136 | 0 | 9.0% | 8.0 | 1.66 | 1034.8 | 5,21,20,18,46,50,27,32,33,38,30,35,17,14,15
BASE 52 | 150000 | 15 | 0.00 | 0.000 | 0 | 0.0% | 0.0% | 0.00 | 0 | 1243 | 136 | 0 | 0.0% | 0.0 | 0.00 | 508.3 | 0,0,0,0,0,0,0,0,0,0,0,0,0,0,0
