arm seed | ticks | windows | Lu late | trend | used ever | founds/10k (organism) | random founds/10k | all builds | compounds made | max live | cap hits | active builders mid->end | struct income late | stock late | wall s | new used per window
FULL 90 | 150000 | 15 | 0.63 | -0.107 | 14 | 24.3 | 0.0 | 4546 | 319 | 18 | 0 | 0.010->0.030 | 0.0% | 0.010 | 370.5 | 0,4,3,0,2,0,0,1,0,1,1,2,0,0,0
NOAC 90 | 150000 | 15 | 0.38 | 0.155 | 4 | 1.2 | 0.0 | 524 | 55 | 17 | 0 | 0.073->0.015 | 0.1% | 0.004 | 383.7 | 0,0,1,0,0,0,0,0,0,0,0,0,1,2,0
RAND 90 | 150000 | 15 | 1.00 | -0.214 | 24 | 0.0 | 24.1 | 1749 | 326 | 33 | 0 | 0.061->0.228 | 0.1% | 0.001 | 443.7 | 2,1,2,1,2,5,3,1,1,2,2,2,0,0,0
RANDN 90 | 150000 | 15 | 1.25 | -0.024 | 13 | 0.0 | 24.3 | 1382 | 375 | 49 | 0 | 0.419->0.040 | 0.0% | 0.001 | 444.1 | 0,1,0,0,0,1,1,0,0,2,3,4,1,0,0
SHUF 90 | 150000 | 15 | 0.75 | -0.167 | 18 | 28.3 | 0.0 | 5537 | 384 | 23 | 0 | 0.028->0.013 | 0.1% | 0.035 | 462.7 | 1,1,1,2,4,0,3,0,1,3,1,1,0,0,0
W1 90 | 150000 | 15 | 0.25 | 0.000 | 5 | 0.7 | 0.0 | 510 | 13 | 8 | 0 | 0.072->0.010 | 0.5% | 0.000 | 446.6 | 1,1,0,1,0,0,0,0,0,0,1,1,0,0,0
FULL 91 | 150000 | 15 | 0.13 | 0.036 | 6 | 13.1 | 0.0 | 4501 | 87 | 6 | 0 | 0.002->0.031 | -0.0% | 0.012 | 319.9 | 1,1,0,2,1,0,0,0,0,0,0,0,1,0,0
NOAC 91 | 150000 | 15 | 0.25 | 0.167 | 2 | 0.9 | 0.0 | 102 | 7 | 5 | 0 | 0.043->0.062 | 0.1% | 0.002 | 328.8 | 0,0,0,0,0,0,0,0,0,0,0,0,0,0,2
RAND 91 | 150000 | 15 | 0.00 | 0.000 | 4 | 0.0 | 8.9 | 2100 | 120 | 12 | 0 | 0.013->0.004 | 0.0% | 0.000 | 438.6 | 0,1,0,0,2,1,0,0,0,0,0,0,0,0,0
RANDN 91 | 150000 | 15 | 0.13 | -0.012 | 5 | 0.0 | 12.9 | 2452 | 196 | 57 | 0 | 0.010->0.070 | 0.0% | 0.000 | 335.1 | 2,0,0,1,0,1,0,0,0,0,1,0,0,0,0
SHUF 91 | 150000 | 15 | 0.25 | -0.143 | 9 | 27.7 | 0.0 | 6442 | 203 | 22 | 0 | 0.014->0.022 | 0.1% | 0.045 | 417.3 | 1,2,1,0,1,1,1,1,1,0,0,0,0,0,0
W1 91 | 150000 | 15 | 0.00 | 0.000 | 1 | 0.1 | 0.0 | 5 | 1 | 1 | 0 | 0.010->0.017 | 0.0% | 0.000 | 411.4 | 0,0,0,0,0,0,1,0,0,0,0,0,0,0,0
FULL 92 | 150000 | 15 | 0.50 | -0.071 | 14 | 6.7 | 0.0 | 6887 | 155 | 15 | 0 | 0.043->0.130 | 0.1% | 0.076 | 377.6 | 2,2,0,1,2,2,1,1,1,0,1,0,0,0,1
NOAC 92 | 150000 | 15 | 0.13 | -0.060 | 2 | 0.8 | 0.0 | 65 | 35 | 12 | 0 | 0.040->0.056 | 0.0% | 0.000 | 354.4 | 0,0,0,0,0,1,0,0,1,0,0,0,0,0,0
RAND 92 | 150000 | 15 | 0.00 | 0.000 | 7 | 0.0 | 6.6 | 851 | 64 | 11 | 0 | 0.132->0.192 | 0.0% | 0.000 | 411.9 | 0,0,0,3,2,1,1,0,0,0,0,0,0,0,0
RANDN 92 | 150000 | 15 | 0.00 | 0.000 | 5 | 0.0 | 6.7 | 927 | 105 | 17 | 0 | 0.077->0.039 | 0.0% | 0.000 | 390.4 | 0,0,0,0,2,1,2,0,0,0,0,0,0,0,0
SHUF 92 | 150000 | 15 | 0.38 | -0.107 | 7 | 21.7 | 0.0 | 9236 | 294 | 24 | 0 | 0.070->0.103 | 0.1% | 0.124 | 442.3 | 0,0,1,0,1,1,1,1,0,1,0,1,0,0,0
W1 92 | 150000 | 15 | 0.25 | 0.095 | 3 | 0.4 | 0.0 | 320 | 11 | 8 | 0 | 0.066->0.065 | 0.0% | 0.000 | 432.9 | 1,0,0,0,0,0,0,0,0,0,0,0,1,1,0

FEASIBILITY (no verdict weight): FULL vs each other arm on Lu, per seed
seed 90: FULL Lu 0.63 trend -0.107 | NOAC 0.38 (FULL ahead) | RAND 1.00 (FULL not ahead) | RANDN 1.25 (FULL not ahead) | SHUF 0.75 (FULL not ahead) | W1 0.25 (FULL ahead)
seed 91: FULL Lu 0.13 trend 0.036 | NOAC 0.25 (FULL not ahead) | RAND 0.00 (FULL ahead) | RANDN 0.13 (FULL not ahead) | SHUF 0.25 (FULL not ahead) | W1 0.00 (FULL ahead)
seed 92: FULL Lu 0.50 trend -0.071 | NOAC 0.13 (FULL ahead) | RAND 0.00 (FULL ahead) | RANDN 0.00 (FULL ahead) | SHUF 0.38 (FULL ahead) | W1 0.25 (FULL ahead)
