arm seed | ticks | windows | Lu late | trend | used ever | founds/10k (organism) | random founds/10k | all builds | compounds made | max live | cap hits | active builders mid->end | struct income late | stock late | wall s | new used per window
FULL 90 | 150000 | 15 | 1.88 | -0.655 | 29 | 45.6 | 0.0 | 6290 | 484 | 27 | 0 | 0.056->0.105 | 0.1% | 0.062 | 429 | 0,3,2,1,1,0,7,6,3,2,1,1,1,1,0
NOAC 90 | 150000 | 15 | 0.38 | 0.155 | 4 | 1.2 | 0.0 | 524 | 55 | 17 | 0 | 0.073->0.015 | 0.1% | 0.004 | 471.8 | 0,0,1,0,0,0,0,0,0,0,0,0,1,2,0
RAND 90 | 150000 | 15 | 1.00 | 0.167 | 46 | 0.0 | 45.5 | 1306 | 573 | 37 | 0 | 0.041->0.033 | 0.1% | 0.006 | 419.1 | 3,8,5,8,7,5,2,0,2,0,1,1,0,2,2
RANDN 90 | 150000 | 15 | 3.38 | 0.298 | 44 | 0.0 | 45.6 | 1605 | 715 | 47 | 0 | 0.032->0.071 | 0.0% | 0.009 | 406.9 | 0,0,3,7,2,1,4,0,1,4,8,4,4,4,2
SHUF 90 | 150000 | 15 | 0.75 | -0.357 | 14 | 43.2 | 0.0 | 11714 | 468 | 20 | 0 | 0.203->0.019 | 0.1% | 0.101 | 415.7 | 1,2,0,1,2,1,1,3,1,1,1,0,0,0,0
W1 90 | 150000 | 15 | 0.25 | 0.000 | 5 | 0.7 | 0.0 | 510 | 13 | 8 | 0 | 0.072->0.010 | 0.5% | 0.000 | 446.6 | 1,1,0,1,0,0,0,0,0,0,1,1,0,0,0
FULL 91 | 150000 | 15 | 1.13 | 0.179 | 13 | 15.4 | 0.0 | 9377 | 179 | 15 | 0 | 0.069->0.201 | 0.0% | 0.133 | 334.5 | 1,2,0,1,0,0,0,0,0,0,3,3,1,1,1
NOAC 91 | 150000 | 15 | 0.25 | 0.167 | 2 | 0.9 | 0.0 | 102 | 7 | 5 | 0 | 0.043->0.062 | 0.1% | 0.002 | 426.9 | 0,0,0,0,0,0,0,0,0,0,0,0,0,0,2
RAND 91 | 150000 | 15 | 0.88 | -0.250 | 9 | 0.0 | 11.2 | 2650 | 163 | 20 | 0 | 0.134->0.005 | 0.6% | 0.026 | 402.6 | 0,0,1,1,0,0,0,1,1,3,1,1,0,0,0
RANDN 91 | 150000 | 15 | 1.00 | -0.190 | 14 | 0.0 | 15.3 | 1853 | 238 | 57 | 0 | 0.038->0.018 | 0.0% | 0.015 | 382.1 | 1,0,4,1,0,0,0,1,1,1,3,2,0,0,0
SHUF 91 | 150000 | 15 | 0.50 | -0.024 | 13 | 21.5 | 0.0 | 38004 | 271 | 31 | 0 | 0.230->0.698 | 41.0% | 0.621 | 354.4 | 1,2,1,0,3,0,2,1,1,0,0,0,1,0,1
W1 91 | 150000 | 15 | 0.00 | 0.000 | 1 | 0.1 | 0.0 | 5 | 1 | 1 | 0 | 0.010->0.017 | 0.0% | 0.000 | 411.4 | 0,0,0,0,0,0,1,0,0,0,0,0,0,0,0
FULL 92 | 150000 | 15 | 0.88 | -0.107 | 13 | 29.2 | 0.0 | 14296 | 456 | 34 | 0 | 0.077->0.251 | 4.5% | 0.153 | 387.6 | 1,0,1,1,0,2,1,1,1,1,1,1,2,0,0
NOAC 92 | 150000 | 15 | 0.13 | -0.060 | 2 | 0.8 | 0.0 | 65 | 35 | 12 | 0 | 0.040->0.056 | 0.0% | 0.000 | 439.4 | 0,0,0,0,0,1,0,0,1,0,0,0,0,0,0
RAND 92 | 150000 | 15 | 2.00 | -0.595 | 21 | 0.0 | 29.1 | 10143 | 504 | 51 | 0 | 0.084->0.042 | 10.4% | 0.075 | 407.6 | 0,0,0,3,1,1,0,4,5,3,1,0,1,2,0
RANDN 92 | 150000 | 15 | 1.13 | -0.274 | 14 | 0.0 | 29.2 | 9572 | 548 | 48 | 0 | 0.040->0.132 | 12.2% | 0.065 | 397.5 | 0,0,0,3,1,1,0,3,1,0,1,4,0,0,0
SHUF 92 | 150000 | 15 | 1.88 | 0.226 | 20 | 65.2 | 0.0 | 6379 | 450 | 18 | 0 | 0.061->0.115 | 0.1% | 0.084 | 421.6 | 0,0,1,0,3,1,0,2,1,2,1,1,2,2,4
W1 92 | 150000 | 15 | 0.25 | 0.095 | 3 | 0.4 | 0.0 | 320 | 11 | 8 | 0 | 0.066->0.065 | 0.0% | 0.000 | 432.9 | 1,0,0,0,0,0,0,0,0,0,0,0,1,1,0

FEASIBILITY (no verdict weight): FULL vs each other arm on Lu, per seed
seed 90: FULL Lu 1.88 trend -0.655 | NOAC 0.38 (FULL ahead) | RAND 1.00 (FULL ahead) | RANDN 3.38 (FULL not ahead) | SHUF 0.75 (FULL ahead) | W1 0.25 (FULL ahead)
seed 91: FULL Lu 1.13 trend 0.179 | NOAC 0.25 (FULL ahead) | RAND 0.88 (FULL ahead) | RANDN 1.00 (FULL ahead) | SHUF 0.50 (FULL ahead) | W1 0.00 (FULL ahead)
seed 92: FULL Lu 0.88 trend -0.107 | NOAC 0.13 (FULL ahead) | RAND 2.00 (FULL not ahead) | RANDN 1.13 (FULL not ahead) | SHUF 1.88 (FULL not ahead) | W1 0.25 (FULL ahead)
