arm seed | ticks | windows | Lu late | trend | used ever | founds/10k (organism) | random founds/10k | all builds | compounds made | max live | cap hits | active builders mid->end | struct income late | stock late | wall s | new used per window
FULL 90 | 150000 | 15 | 1.50 | 0.452 | 20 | 47.3 | 0.0 | 8441 | 484 | 27 | 0 | 0.018->0.110 | 2.0% | 0.058 | 478 | 1,1,3,0,1,1,1,0,0,1,1,2,3,2,3
NOAC 90 | 150000 | 15 | 0.38 | 0.155 | 4 | 1.2 | 0.0 | 524 | 55 | 17 | 0 | 0.073->0.015 | 0.1% | 0.004 | 471.8 | 0,0,1,0,0,0,0,0,0,0,0,0,1,2,0
RAND 90 | 150000 | 15 | 2.25 | -0.048 | 32 | 0.0 | 47.3 | 5514 | 771 | 48 | 0 | 0.009->0.059 | 21.6% | 0.041 | 398.2 | 1,4,3,3,1,1,1,2,1,4,3,3,1,2,2
SHUF 90 | 150000 | 15 | 1.13 | 0.488 | 22 | 84.1 | 0.0 | 16100 | 1215 | 41 | 0 | 0.088->0.059 | 14.9% | 0.104 | 434.5 | 1,2,1,2,3,4,0,0,1,0,0,1,0,2,5
W1 90 | 150000 | 15 | 0.25 | 0.000 | 5 | 0.7 | 0.0 | 510 | 13 | 8 | 0 | 0.072->0.010 | 0.5% | 0.000 | 446.6 | 1,1,0,1,0,0,0,0,0,0,1,1,0,0,0
FULL 91 | 150000 | 15 | 0.00 | 0.000 | 4 | 15.9 | 0.0 | 9538 | 181 | 21 | 0 | 0.015->0.038 | 0.4% | 0.020 | 461.7 | 0,0,2,0,1,0,1,0,0,0,0,0,0,0,0
NOAC 91 | 150000 | 15 | 0.25 | 0.167 | 2 | 0.9 | 0.0 | 102 | 7 | 5 | 0 | 0.043->0.062 | 0.1% | 0.002 | 426.9 | 0,0,0,0,0,0,0,0,0,0,0,0,0,0,2
RAND 91 | 150000 | 15 | 0.25 | -0.143 | 9 | 0.0 | 15.9 | 7213 | 249 | 36 | 0 | 0.010->0.056 | 0.3% | 0.002 | 383.2 | 0,0,2,2,2,1,0,1,1,0,0,0,0,0,0
SHUF 91 | 150000 | 15 | 1.00 | -0.214 | 16 | 26.9 | 0.0 | 6557 | 356 | 30 | 0 | 0.070->0.008 | 0.3% | 0.072 | 369.4 | 0,1,2,1,0,1,3,1,4,0,1,0,1,0,1
W1 91 | 150000 | 15 | 0.00 | 0.000 | 1 | 0.1 | 0.0 | 5 | 1 | 1 | 0 | 0.010->0.017 | 0.0% | 0.000 | 411.4 | 0,0,0,0,0,0,1,0,0,0,0,0,0,0,0
FULL 92 | 150000 | 15 | 0.63 | -0.012 | 17 | 31.6 | 0.0 | 46129 | 531 | 39 | 0 | 0.482->0.683 | 37.5% | 0.574 | 493 | 4,2,1,2,1,1,1,1,1,1,0,0,0,0,2
NOAC 92 | 150000 | 15 | 0.13 | -0.060 | 2 | 0.8 | 0.0 | 65 | 35 | 12 | 0 | 0.040->0.056 | 0.0% | 0.000 | 439.4 | 0,0,0,0,0,1,0,0,1,0,0,0,0,0,0
RAND 92 | 150000 | 15 | 1.25 | -0.619 | 18 | 0.0 | 31.5 | 44156 | 674 | 42 | 0 | 0.048->0.035 | 36.3% | 0.423 | 418.6 | 0,1,0,4,1,0,2,6,1,1,2,0,0,0,0
SHUF 92 | 150000 | 15 | 1.50 | 0.095 | 27 | 47.0 | 0.0 | 12266 | 456 | 21 | 0 | 0.137->0.120 | 12.7% | 0.126 | 389.1 | 1,4,3,2,4,1,0,0,1,3,2,1,2,2,1
W1 92 | 150000 | 15 | 0.25 | 0.095 | 3 | 0.4 | 0.0 | 320 | 11 | 8 | 0 | 0.066->0.065 | 0.0% | 0.000 | 432.9 | 1,0,0,0,0,0,0,0,0,0,0,0,1,1,0

FEASIBILITY (no verdict weight): FULL vs each other arm on Lu, per seed
seed 90: FULL Lu 1.50 trend 0.452 | NOAC 0.38 (FULL ahead) | RAND 2.25 (FULL not ahead) | SHUF 1.13 (FULL ahead) | W1 0.25 (FULL ahead)
seed 91: FULL Lu 0.00 trend 0.000 | NOAC 0.25 (FULL not ahead) | RAND 0.25 (FULL not ahead) | SHUF 1.00 (FULL not ahead) | W1 0.00 (FULL not ahead)
seed 92: FULL Lu 0.63 trend -0.012 | NOAC 0.13 (FULL ahead) | RAND 1.25 (FULL not ahead) | SHUF 1.50 (FULL not ahead) | W1 0.25 (FULL ahead)
