arm seed | ticks | windows | Lu late | trend | used ever | founds/10k (organism) | random founds/10k | all builds | compounds made | max live | cap hits | active builders mid->end | struct income late | stock late | wall s | new used per window
FULL 93 | 450000 | 30 | 0.40 | -0.007 | 10 | 0.2 | 0.0 | 8516 | 364 | 26 | 0 | 0.015->0.007 | 0.1% | 0.028 | 1543.1 | 1,0,0,0,1,0,0,1,0,0,0,0,0,1,0,0,0,0,1,0,0,0,4,0,1,0,0,0,0,0
NOAC 93 | 450000 | 30 | 0.00 | 0.000 | 0 | 1.2 | 0.0 | 239 | 173 | 13 | 0 | 0.058->0.218 | 0.0% | 0.000 | 1424.4 | 0,0,0,0,0,0,0,0,0,0,0,0,0,0,0,0,0,0,0,0,0,0,0,0,0,0,0,0,0,0
RAND 93 | 450000 | 30 | 0.00 | 0.000 | 2 | 0.0 | 0.2 | 10 | 5 | 3 | 0 | 0.064->0.050 | 0.0% | 0.000 | 1474.1 | 2,0,0,0,0,0,0,0,0,0,0,0,0,0,0,0,0,0,0,0,0,0,0,0,0,0,0,0,0,0
RANDN 93 | 450000 | 30 | 0.00 | 0.000 | 0 | 0.0 | 0.2 | 9 | 9 | 6 | 0 | 0.049->0.053 | 0.0% | 0.000 | 1485.2 | 0,0,0,0,0,0,0,0,0,0,0,0,0,0,0,0,0,0,0,0,0,0,0,0,0,0,0,0,0,0
SHUF 93 | 450000 | 30 | 0.27 | 0.018 | 16 | 8.4 | 0.0 | 41369 | 667 | 42 | 0 | 0.025->0.045 | 0.1% | 0.112 | 1677.7 | 0,0,1,1,3,1,0,0,0,0,2,1,2,0,1,0,1,0,0,0,0,0,1,0,0,0,1,0,0,1
W1 93 | 450000 | 30 | 0.07 | 0.004 | 2 | 0.0 | 0.0 | 11512 | 42 | 9 | 0 | 0.006->0.031 | 0.2% | 0.000 | 1467.3 | 0,0,0,0,0,0,1,0,0,0,0,0,0,0,0,0,0,0,0,0,0,0,0,1,0,0,0,0,0,0
FULL 94 | 450000 | 30 | 0.47 | -0.061 | 23 | 28.4 | 0.0 | 39352 | 974 | 24 | 0 | 0.041->0.126 | 0.0% | 0.136 | 1576.7 | 1,1,1,2,2,0,0,2,1,1,0,3,1,0,1,0,3,1,0,0,0,0,0,1,1,1,0,0,0,0
NOAC 94 | 450000 | 30 | 0.20 | 0.021 | 6 | 3.0 | 0.0 | 5178 | 250 | 21 | 0 | 0.019->0.163 | 0.0% | 0.022 | 1454.4 | 1,0,0,0,1,0,0,0,0,0,1,0,0,0,0,0,0,0,0,0,0,1,0,0,0,1,1,0,0,0
RAND 94 | 450000 | 30 | 1.73 | -0.221 | 75 | 0.0 | 28.4 | 30295 | 1343 | 39 | 0 | 0.028->0.047 | 0.1% | 0.061 | 1626.3 | 0,0,3,10,1,0,9,5,5,5,2,3,2,1,3,4,7,3,0,3,1,1,0,1,0,0,0,3,2,1
RANDN 94 | 450000 | 30 | 1.67 | -0.089 | 53 | 0.0 | 28.4 | 31618 | 1436 | 46 | 0 | 0.047->0.080 | 0.0% | 0.064 | 1702.8 | 0,1,0,2,1,2,2,6,1,3,1,3,4,1,1,2,1,0,0,5,7,0,4,0,0,2,2,2,0,0
SHUF 94 | 450000 | 30 | 2.67 | 0.025 | 58 | 59.3 | 0.0 | 22091 | 1553 | 45 | 0 | 0.035->0.067 | 0.1% | 0.058 | 1605.9 | 0,2,2,2,0,1,0,1,0,1,3,3,0,2,1,0,3,4,4,1,3,5,2,2,2,4,1,4,2,3
W1 94 | 450000 | 30 | 0.53 | -0.039 | 22 | 1.2 | 0.0 | 12825 | 575 | 368 | 0 | 0.161->0.044 | 1.6% | 0.000 | 1509.6 | 0,0,0,0,0,0,4,0,0,1,2,2,1,4,0,1,1,2,0,0,0,0,0,0,1,2,1,0,0,0
FULL 95 | 450000 | 30 | 0.53 | 0.011 | 17 | 9.8 | 0.0 | 10528 | 529 | 32 | 0 | 0.017->0.011 | 0.1% | 0.024 | 1615.1 | 0,1,4,2,2,0,0,0,0,0,0,0,0,0,0,0,0,0,0,0,2,2,1,1,0,1,0,1,0,0
NOAC 95 | 450000 | 30 | 0.27 | -0.004 | 4 | 1.1 | 0.0 | 758 | 77 | 8 | 0 | 0.008->0.014 | 0.1% | 0.004 | 1786.3 | 0,0,0,0,0,0,0,0,0,0,0,0,0,0,0,0,0,0,0,2,0,0,0,0,1,1,0,0,0,0
RAND 95 | 450000 | 30 | 0.00 | 0.000 | 2 | 0.0 | 9.8 | 1133 | 376 | 41 | 0 | 0.038->0.020 | 0.0% | 0.000 | 1642.2 | 0,0,0,1,1,0,0,0,0,0,0,0,0,0,0,0,0,0,0,0,0,0,0,0,0,0,0,0,0,0
RANDN 95 | 450000 | 30 | 0.00 | 0.000 | 4 | 0.0 | 9.8 | 977 | 453 | 74 | 0 | 0.013->0.007 | 0.0% | 0.000 | 1478.5 | 0,0,1,2,0,1,0,0,0,0,0,0,0,0,0,0,0,0,0,0,0,0,0,0,0,0,0,0,0,0
SHUF 95 | 450000 | 30 | 1.07 | 0.068 | 31 | 35.8 | 0.0 | 19912 | 1029 | 38 | 0 | 0.046->0.030 | 0.2% | 0.047 | 1574.9 | 0,0,1,3,1,1,1,1,1,0,1,0,2,1,2,0,1,2,0,0,1,1,0,4,1,1,1,1,1,2
W1 95 | 450000 | 30 | 0.20 | -0.018 | 13 | 0.2 | 0.0 | 20843 | 223 | 73 | 0 | 0.096->0.033 | 8.7% | 0.000 | 1518.1 | 0,0,1,1,0,0,0,2,2,1,1,0,1,0,1,0,1,0,0,0,0,0,1,1,0,0,0,0,0,0

FEASIBILITY (no verdict weight): FULL vs each other arm on Lu, per seed
seed 93: FULL Lu 0.40 trend -0.007 | NOAC 0.00 (FULL ahead) | RAND 0.00 (FULL ahead) | RANDN 0.00 (FULL ahead) | SHUF 0.27 (FULL ahead) | W1 0.07 (FULL ahead)
seed 94: FULL Lu 0.47 trend -0.061 | NOAC 0.20 (FULL ahead) | RAND 1.73 (FULL not ahead) | RANDN 1.67 (FULL not ahead) | SHUF 2.67 (FULL not ahead) | W1 0.53 (FULL not ahead)
seed 95: FULL Lu 0.53 trend 0.011 | NOAC 0.27 (FULL ahead) | RAND 0.00 (FULL ahead) | RANDN 0.00 (FULL ahead) | SHUF 1.07 (FULL not ahead) | W1 0.20 (FULL ahead)
