arm seed | ticks | windows | Lu late (new used body catalysts/window) | trend | LuInc late (income-only rule) | LuInc trend | used ever | body share of ALL late income (incl. direct light) | body share of chemical income | mean body size late | catalyst kinds late | N late | N min | reseeds | cross-feeding: share of body income from others' leaked/released substrate, late | env: distinct dominant species (>=1% of occupied cells) late | env dominant-species entropy late | wall s | new used per window
D 113 | 450000 | 30 | 29.73 | 0.146 | 0.87 | -0.168 | 980 | 29.1% | 60.6% | 7.13 | 211 | 1218 | 146 | 0 | 0.0% | 0.0 | 0.00 | 1696.6 | 13,52,48,49,70,46,37,46,29,33,30,12,23,16,30,31,33,21,27,18,24,28,27,46,54,36,33,27,17,24
RANDCAP 113 | 450000 | 30 | 30.73 | -0.693 | 1.93 | -0.211 | 1335 | 22.7% | 47.5% | 7.23 | 242 | 1167 | 147 | 0 | 0.0% | 0.0 | 0.00 | 1665 | 5,29,56,45,68,59,71,81,84,76,81,76,53,36,54,29,32,28,34,25,41,25,48,33,54,34,29,13,17,19
DIRECT 113 | 450000 | 30 | 15.27 | 0.707 | 0.00 | 0.000 | 598 | 37.2% | 75.4% | 7.80 | 102 | 1199 | 117 | 0 | 0.0% | 0.0 | 0.00 | 1616.7 | 27,41,46,39,21,37,22,18,14,16,17,20,18,20,13,17,7,11,10,11,14,18,13,11,21,20,25,10,17,24
DRIFT 113 | 450000 | 30 | 77.33 | 0.996 | 1.27 | 0.046 | 2414 | 4.0% | 8.5% | 15.37 | 544 | 1397 | 117 | 0 | 0.0% | 0.0 | 0.00 | 1634.1 | 8,22,76,108,128,97,93,97,105,91,74,94,79,104,78,60,72,74,68,78,96,72,76,87,76,73,76,84,87,81
SHUF 113 | 450000 | 30 | 10.87 | 0.096 | 1.27 | -0.161 | 496 | 31.5% | 65.8% | 4.13 | 174 | 1271 | 136 | 0 | 0.0% | 0.0 | 0.00 | 1567.9 | 5,29,31,38,45,20,13,30,18,17,20,14,15,13,25,12,8,8,20,6,12,6,13,6,13,8,15,16,9,11
BASE 113 | 450000 | 30 | 0.00 | 0.000 | 0.00 | 0.000 | 0 | 0.0% | 0.0% | 0.00 | 0 | 1397 | 117 | 0 | 0.0% | 0.0 | 0.00 | 1186.8 | 0,0,0,0,0,0,0,0,0,0,0,0,0,0,0,0,0,0,0,0,0,0,0,0,0,0,0,0,0,0
D 114 | 450000 | 30 | 43.13 | -0.786 | 0.60 | 0.036 | 1504 | 47.5% | 99.8% | 12.59 | 251 | 1104 | 108 | 0 | 0.0% | 0.0 | 0.00 | 1735.1 | 28,53,71,69,79,70,63,67,63,50,36,48,48,61,51,42,39,35,36,43,45,57,66,83,63,25,29,23,39,22
RANDCAP 114 | 450000 | 30 | 35.07 | 1.336 | 3.73 | -0.179 | 1192 | 34.0% | 77.2% | 8.47 | 285 | 1188 | 121 | 0 | 0.0% | 0.0 | 0.00 | 1685.6 | 11,21,74,70,60,40,57,43,47,51,46,26,37,45,38,26,30,23,21,38,27,34,37,38,43,41,49,53,33,33
DIRECT 114 | 450000 | 30 | 16.87 | -0.996 | 0.93 | -0.132 | 655 | 44.4% | 91.0% | 7.24 | 99 | 1201 | 114 | 0 | 0.0% | 0.0 | 0.00 | 1710 | 35,29,27,32,37,23,35,25,19,7,13,16,34,37,33,15,36,14,17,7,19,25,42,19,15,11,7,10,8,8
DRIFT 114 | 450000 | 30 | 119.80 | -0.771 | 0.53 | -0.039 | 3082 | 1.9% | 3.9% | 15.50 | 692 | 1502 | 114 | 0 | 0.0% | 0.0 | 0.00 | 1868.3 | 9,26,38,39,65,81,101,110,96,119,119,119,107,139,117,127,113,119,120,112,123,131,153,122,129,96,105,134,110,103
SHUF 114 | 450000 | 30 | 12.00 | -0.075 | 0.87 | -0.054 | 405 | 38.7% | 80.7% | 5.18 | 195 | 1324 | 113 | 0 | 0.0% | 0.0 | 0.00 | 1760.3 | 7,32,34,25,12,10,15,10,13,12,11,9,10,13,12,12,16,16,7,3,10,18,18,7,14,13,17,13,5,11
BASE 114 | 450000 | 30 | 0.00 | 0.000 | 0.00 | 0.000 | 0 | 0.0% | 0.0% | 0.00 | 0 | 1502 | 114 | 0 | 0.0% | 0.0 | 0.00 | 1363.2 | 0,0,0,0,0,0,0,0,0,0,0,0,0,0,0,0,0,0,0,0,0,0,0,0,0,0,0,0,0,0
D 115 | 450000 | 30 | 51.07 | 0.404 | 6.20 | 0.096 | 1581 | 26.9% | 61.8% | 7.71 | 289 | 1217 | 570 | 0 | 0.0% | 0.0 | 0.00 | 1776.5 | 17,51,65,55,39,50,52,51,48,56,73,64,73,56,65,72,48,36,35,42,42,43,45,61,69,67,71,55,41,39
RANDCAP 115 | 450000 | 30 | 30.47 | -0.193 | 2.40 | -0.179 | 1066 | 21.8% | 45.9% | 7.90 | 244 | 1221 | 312 | 0 | 0.0% | 0.0 | 0.00 | 1811 | 14,35,25,26,29,47,55,46,64,63,40,33,63,29,40,25,29,29,38,38,36,29,26,36,28,24,34,34,20,31
DIRECT 115 | 450000 | 30 | 23.40 | 1.596 | 1.87 | 0.018 | 880 | 33.6% | 69.8% | 8.43 | 187 | 1266 | 339 | 0 | 0.0% | 0.0 | 0.00 | 1782.9 | 25,34,41,59,50,48,34,33,35,33,37,35,39,16,10,9,18,16,20,19,25,26,19,15,21,27,34,22,33,47
DRIFT 115 | 450000 | 30 | 97.13 | -0.332 | 0.73 | 0.046 | 2779 | 4.2% | 8.3% | 15.52 | 655 | 1473 | 339 | 0 | 0.0% | 0.0 | 0.00 | 1730.5 | 31,69,64,82,99,103,76,97,104,111,111,95,104,92,84,80,99,92,91,108,106,108,106,107,115,99,87,87,92,80
SHUF 115 | 450000 | 30 | 12.40 | -0.514 | 0.60 | -0.018 | 476 | 31.2% | 66.9% | 4.91 | 183 | 1252 | 320 | 0 | 0.0% | 0.0 | 0.00 | 1683.8 | 16,38,47,20,9,19,9,10,11,13,25,19,17,21,16,14,16,20,12,14,17,14,7,11,8,9,14,8,16,6
BASE 115 | 450000 | 30 | 0.00 | 0.000 | 0.00 | 0.000 | 0 | 0.0% | 0.0% | 0.00 | 0 | 1473 | 339 | 0 | 0.0% | 0.0 | 0.00 | 1258.3 | 0,0,0,0,0,0,0,0,0,0,0,0,0,0,0,0,0,0,0,0,0,0,0,0,0,0,0,0,0,0
