arm seed | ticks | windows | Lu late (new used body catalysts/window) | trend | LuInc late (income-only rule) | LuInc trend | used ever | body share of ALL late income (incl. direct light) | body share of chemical income | mean body size late | catalyst kinds late | N late | N min | reseeds | cross-feeding: share of body income from others' leaked/released substrate, late | env: distinct dominant species (>=1% of occupied cells) late | env dominant-species entropy late | wall s | new used per window
R1 110 | 150000 | 15 | 23.38 | -0.917 | 0.38 | -0.155 | 431 | 2.8% | 5.8% | 3.59 | 161 | 1301 | 118 | 0 | 0.0% | 0.0 | 0.00 | 543.7 | 22,39,57,50,15,32,29,30,20,29,26,18,21,18,25
R2 110 | 150000 | 15 | 13.13 | -2.917 | 0.63 | -0.012 | 557 | 48.2% | 100.0% | 7.17 | 124 | 1217 | 118 | 0 | 0.0% | 0.0 | 0.00 | 511.3 | 55,74,94,83,70,40,36,29,14,22,14,8,2,9,7
RANDCAP 110 | 150000 | 15 | 44.63 | 1.488 | 4.13 | 0.179 | 587 | 33.7% | 75.8% | 8.28 | 282 | 1145 | 118 | 0 | 0.0% | 0.0 | 0.00 | 533.6 | 2,30,45,36,40,43,34,39,29,37,54,59,63,36,40
DIRECT-R1 110 | 150000 | 15 | 33.75 | 1.952 | 3.50 | -0.119 | 527 | 32.5% | 69.4% | 7.78 | 239 | 1191 | 124 | 0 | 0.0% | 0.0 | 0.00 | 511.7 | 16,36,52,46,25,43,39,28,30,31,41,23,29,41,47
DIRECT-R2 110 | 150000 | 15 | 26.63 | 0.036 | 4.13 | -0.202 | 360 | 33.0% | 70.3% | 8.55 | 227 | 1079 | 124 | 0 | 0.0% | 0.0 | 0.00 | 489.9 | 10,25,37,22,10,27,16,23,21,25,22,41,54,13,14
DRIFT-R1 110 | 150000 | 15 | 102.50 | 8.214 | 1.00 | -0.048 | 1155 | 6.5% | 12.7% | 13.28 | 622 | 1453 | 124 | 0 | 0.0% | 0.0 | 0.00 | 447.9 | 11,19,40,54,60,72,79,55,84,108,105,105,113,135,115
DRIFT-R2 110 | 150000 | 15 | 55.75 | -13.476 | 1.25 | 0.238 | 905 | 14.2% | 25.7% | 10.11 | 675 | 1453 | 124 | 0 | 0.0% | 0.0 | 0.00 | 439.4 | 13,33,60,80,99,100,74,84,86,104,89,29,26,8,20
SHUF-R1 110 | 150000 | 15 | 14.25 | 0.286 | 0.00 | 0.000 | 243 | 38.8% | 78.3% | 5.26 | 126 | 1328 | 396 | 0 | 0.0% | 0.0 | 0.00 | 509.7 | 8,10,35,24,20,9,23,17,10,10,8,22,22,16,9
SHUF-R2 110 | 150000 | 15 | 56.00 | -4.881 | 0.50 | -0.310 | 743 | 47.0% | 99.9% | 10.93 | 740 | 1071 | 127 | 0 | 0.0% | 0.0 | 0.00 | 567.3 | 19,54,62,23,23,43,71,51,70,101,65,35,43,40,43
BASE 110 | 150000 | 15 | 0.00 | 0.000 | 0.00 | 0.000 | 0 | 0.0% | 0.0% | 0.00 | 0 | 1453 | 124 | 0 | 0.0% | 0.0 | 0.00 | 345.3 | 0,0,0,0,0,0,0,0,0,0,0,0,0,0,0
R1 111 | 150000 | 15 | 43.00 | 0.214 | 2.38 | -0.298 | 542 | 34.5% | 71.9% | 6.19 | 249 | 1341 | 278 | 0 | 0.0% | 0.0 | 0.00 | 532.5 | 10,22,23,31,45,31,36,29,61,42,47,36,30,60,39
R2 111 | 150000 | 15 | 27.13 | -5.821 | 0.63 | -0.036 | 901 | 43.7% | 89.3% | 12.90 | 501 | 1173 | 268 | 0 | 0.0% | 0.0 | 0.00 | 595.8 | 34,143,119,105,102,112,69,46,32,50,22,33,23,7,4
RANDCAP 111 | 150000 | 15 | 65.00 | -1.714 | 5.50 | 0.143 | 727 | 38.5% | 87.1% | 8.42 | 369 | 1217 | 184 | 0 | 0.0% | 0.0 | 0.00 | 496.8 | 2,11,29,28,36,43,58,66,75,75,46,70,72,67,49
DIRECT-R1 111 | 150000 | 15 | 45.63 | -3.512 | 5.13 | 0.155 | 612 | 41.1% | 88.1% | 7.73 | 286 | 1211 | 186 | 0 | 0.0% | 0.0 | 0.00 | 542.2 | 6,24,37,44,39,51,46,52,53,61,26,68,47,36,22
DIRECT-R2 111 | 150000 | 15 | 20.50 | -0.810 | 3.63 | -0.202 | 405 | 40.3% | 85.8% | 7.64 | 142 | 1288 | 186 | 0 | 0.0% | 0.0 | 0.00 | 573.9 | 8,47,55,35,30,34,32,23,28,24,18,14,13,19,25
DRIFT-R1 111 | 150000 | 15 | 96.88 | 0.131 | 1.38 | -0.131 | 1103 | 4.7% | 11.3% | 13.76 | 516 | 1327 | 186 | 0 | 0.0% | 0.0 | 0.00 | 375.5 | 8,17,41,57,64,68,73,79,118,99,92,87,108,106,86
DRIFT-R2 111 | 150000 | 15 | 124.75 | -3.667 | 3.38 | 0.107 | 1514 | 36.7% | 59.8% | 15.87 | 1467 | 1327 | 186 | 0 | 0.0% | 0.0 | 0.00 | 417.9 | 6,14,28,80,94,160,134,149,137,106,125,127,132,107,115
SHUF-R1 111 | 150000 | 15 | 9.38 | -0.464 | 0.88 | -0.488 | 218 | 25.5% | 52.2% | 3.49 | 140 | 1414 | 393 | 0 | 0.0% | 0.0 | 0.00 | 469.8 | 2,9,16,35,37,26,18,12,14,7,8,10,5,7,12
SHUF-R2 111 | 150000 | 15 | 53.50 | -3.095 | 0.00 | 0.000 | 778 | 43.5% | 88.4% | 11.49 | 933 | 1192 | 415 | 0 | 0.0% | 0.0 | 0.00 | 642.4 | 11,33,58,52,79,66,51,59,66,72,50,40,47,45,49
BASE 111 | 150000 | 15 | 0.00 | 0.000 | 0.00 | 0.000 | 0 | 0.0% | 0.0% | 0.00 | 0 | 1327 | 186 | 0 | 0.0% | 0.0 | 0.00 | 306.8 | 0,0,0,0,0,0,0,0,0,0,0,0,0,0,0
R1 112 | 150000 | 15 | 29.50 | 0.571 | 2.75 | -0.667 | 450 | 32.2% | 68.4% | 7.67 | 234 | 1229 | 319 | 0 | 0.0% | 0.0 | 0.00 | 489.6 | 11,26,39,34,42,31,31,32,26,29,24,29,35,24,37
R2 112 | 150000 | 15 | 10.75 | -1.952 | 1.50 | -0.214 | 237 | 33.3% | 69.5% | 5.93 | 112 | 1332 | 315 | 0 | 0.0% | 0.0 | 0.00 | 490.2 | 9,19,23,23,22,35,20,18,14,16,11,9,7,8,3
RANDCAP 112 | 150000 | 15 | 42.25 | -1.833 | 2.38 | 0.560 | 603 | 19.9% | 43.3% | 6.27 | 266 | 1278 | 335 | 0 | 0.0% | 0.0 | 0.00 | 486.5 | 14,30,39,67,29,44,42,41,42,45,56,54,38,34,28
DIRECT-R1 112 | 150000 | 15 | 22.13 | -1.083 | 2.13 | -0.440 | 335 | 35.1% | 74.7% | 6.23 | 189 | 1312 | 539 | 0 | 0.0% | 0.0 | 0.00 | 522.9 | 14,25,40,23,18,16,22,17,33,26,23,21,24,15,18
DIRECT-R2 112 | 150000 | 15 | 14.00 | -2.786 | 1.38 | 0.107 | 340 | 35.9% | 75.6% | 5.11 | 207 | 1345 | 539 | 0 | 0.0% | 0.0 | 0.00 | 516.3 | 12,24,34,37,53,36,32,25,21,22,12,8,9,8,7
DRIFT-R1 112 | 150000 | 15 | 67.25 | 1.000 | 0.25 | -0.024 | 939 | 0.9% | 1.9% | 13.42 | 445 | 1504 | 539 | 0 | 0.0% | 0.0 | 0.00 | 473.6 | 5,31,55,66,86,80,78,77,56,58,69,62,67,80,69
DRIFT-R2 112 | 150000 | 15 | 55.00 | -9.595 | 0.38 | -0.155 | 670 | 17.2% | 30.9% | 12.69 | 663 | 1504 | 539 | 0 | 0.0% | 0.0 | 0.00 | 460.4 | 11,14,28,28,30,52,67,75,88,65,79,55,29,26,23
SHUF-R1 112 | 150000 | 15 | 13.25 | 0.143 | 3.00 | -0.405 | 275 | 47.2% | 99.8% | 5.90 | 191 | 1378 | 313 | 0 | 0.0% | 0.0 | 0.00 | 514.1 | 7,23,37,43,28,18,13,6,17,17,11,16,17,10,12
SHUF-R2 112 | 150000 | 15 | 39.38 | 0.702 | 1.63 | -0.369 | 539 | 46.3% | 99.8% | 9.35 | 852 | 1241 | 313 | 0 | 0.0% | 0.0 | 0.00 | 544.5 | 7,15,36,45,52,38,31,30,39,34,29,60,59,45,19
BASE 112 | 150000 | 15 | 0.00 | 0.000 | 0.00 | 0.000 | 0 | 0.0% | 0.0% | 0.00 | 0 | 1504 | 539 | 0 | 0.0% | 0.0 | 0.00 | 357 | 0,0,0,0,0,0,0,0,0,0,0,0,0,0,0
