arm seed | windows | L: new active reactions per window, late half (primary) | OLS trend of new/window, late half | Q2 -> Q4 new | ever active | late new by kind metab/found/extend/catal | structure share of late income | BUILD / CATAL carriers late | compounds with >=1% of income late (max depth) | compounds ever | structured cells late | N late | new per window
N0 7 | 40 | 0.05 | 0.008 | 2 -> 1 | 15 | 1/0/0/0 | 0.00% | 0.129 / 0.138 | 0 (d0) | 0 | 0 | 1481 | 4,4,0,2,1,0,1,0,0,0,0,1,0,0,1,0,0,0,0,0,0,0,0,0,0,0,0,0,0,0,0,0,0,0,0,1,0,0,0,0
N1 7 | 40 | 0.30 | 0.030 | 1 -> 6 | 40 | 6/0/0/0 | 0.01% | 0.147 / 0.174 | 0 (d0) | 0 | 1707 | 1328 | 3,2,7,3,3,3,3,6,3,0,0,1,0,0,0,0,0,0,0,0,0,0,0,0,0,0,0,0,0,0,0,3,1,1,0,0,0,0,0,1
N2 7 | 40 | 0.05 | -0.013 | 1 -> 0 | 19 | 1/0/0/0 | 0.44% | 0.084 / 0.172 | 0 (d0) | 16607 | 894 | 1407 | 3,3,8,0,1,0,2,0,0,0,0,0,0,0,0,0,0,0,0,1,0,1,0,0,0,0,0,0,0,0,0,0,0,0,0,0,0,0,0,0
N3 7 | 40 | 0.00 | 0.000 | 0 -> 0 | 11 | 0/0/0/0 | 0.19% | 0.165 / 0.103 | 0 (d0) | 21329 | 782 | 1464 | 7,0,1,1,0,0,0,0,1,1,0,0,0,0,0,0,0,0,0,0,0,0,0,0,0,0,0,0,0,0,0,0,0,0,0,0,0,0,0,0
N0 8 | 40 | 0.05 | -0.007 | 1 -> 0 | 10 | 1/0/0/0 | 0.00% | 0.089 / 0.124 | 0 (d0) | 0 | 0 | 1442 | 6,1,1,0,0,0,0,0,0,0,0,0,0,0,0,0,1,0,0,0,0,0,0,0,0,1,0,0,0,0,0,0,0,0,0,0,0,0,0,0
N1 8 | 40 | 0.05 | 0.007 | 0 -> 1 | 14 | 1/0/0/0 | 0.02% | 0.236 / 0.173 | 0 (d0) | 0 | 1011 | 1442 | 5,2,3,2,1,0,0,0,0,0,0,0,0,0,0,0,0,0,0,0,0,0,0,0,0,0,0,0,0,0,0,0,0,0,1,0,0,0,0,0
N2 8 | 40 | 0.00 | 0.000 | 0 -> 0 | 11 | 0/0/0/0 | 0.14% | 0.098 / 0.111 | 0 (d0) | 1970 | 260 | 1419 | 5,3,1,0,1,1,0,0,0,0,0,0,0,0,0,0,0,0,0,0,0,0,0,0,0,0,0,0,0,0,0,0,0,0,0,0,0,0,0,0
N3 8 | 40 | 0.00 | 0.000 | 0 -> 0 | 9 | 0/0/0/0 | 0.06% | 0.113 / 0.107 | 0 (d0) | 8734 | 240 | 1500 | 6,1,2,0,0,0,0,0,0,0,0,0,0,0,0,0,0,0,0,0,0,0,0,0,0,0,0,0,0,0,0,0,0,0,0,0,0,0,0,0
N0 9 | 40 | 0.15 | -0.007 | 0 -> 1 | 16 | 3/0/0/0 | 0.00% | 0.103 / 0.126 | 0 (d0) | 0 | 0 | 1512 | 2,2,1,3,2,1,1,1,0,0,0,0,0,0,0,0,0,0,0,0,0,0,1,1,0,0,0,0,0,0,0,0,0,0,0,0,0,0,0,1
N1 9 | 40 | 0.30 | -0.018 | 1 -> 1 | 26 | 5/0/1/0 | 0.08% | 0.134 / 0.113 | 0 (d0) | 0 | 1728 | 1502 | 2,0,3,7,0,3,3,0,1,0,0,0,0,0,0,0,0,0,0,1,0,0,0,0,0,1,1,2,1,0,0,0,1,0,0,0,0,0,0,0
N2 9 | 40 | 0.05 | 0.013 | 3 -> 1 | 23 | 1/0/0/0 | 0.33% | 0.147 / 0.124 | 0 (d0) | 2503 | 543 | 1537 | 2,2,1,1,2,4,5,2,0,0,0,1,0,0,0,0,0,1,1,0,0,0,0,0,0,0,0,0,0,0,0,0,0,0,0,0,0,0,1,0
N3 9 | 40 | 0.05 | 0.007 | 2 -> 1 | 18 | 1/0/0/0 | 0.16% | 0.141 / 0.102 | 0 (d0) | 6292 | 467 | 1501 | 2,2,1,0,1,1,6,1,1,0,0,0,0,0,1,0,0,1,0,0,0,0,0,0,0,0,0,0,0,0,0,0,0,0,1,0,0,0,0,0

VERDICT (open-ended-ish: on ALL 3 seeds, N2 late L > 0 AND L(N2) > L(N1) AND L(N2) > L(N3)):
seed 7: N2 0.05 | N1 0.30 | N3 0.00 | N0 0.05 -> FAILS (N2 not > N1; )
seed 8: N2 0.00 | N1 0.05 | N3 0.00 | N0 0.05 -> FAILS (N2 not > 0; N2 not > N1; N2 not > N3)
seed 9: N2 0.05 | N1 0.30 | N3 0.05 | N0 0.15 -> FAILS (N2 not > N1; N2 not > N3)
=> NOT SHOWN: the rule fails on at least one seed.
